1123650512
971061390
71551175
686365858
93660406
264301442
1549107955
1248021689
1126442387
1337609763
1960462499
1534910753
490935062
1193258884
824874656
429547495
188281116
689604008
61734352
2103109901
1453702602
944107798
511062450
2072371936
1532366482
893157966
1947762576
861681502
1003348185
1689366964
435748645
567715057
1966174845
1651576372
780425279
1651661560
1090102370
1049875211
1539806593
1044747599
574521292
1903677618
14626029
238611538
1649074613
1339389080
763599957
214020589
831016082
955050689
1084498825
476637481
1798417077
1423690618
2023317993
179542714
459998940
146662886
1301483023
1347986087
464022513
687426453
244673504
1584559070
901861118
1392747442
1716219555
986842337
412833605
1320696743
1486928772
1285889552
1297281062
1164470400
1528588609
1697508631
929481769
272450912
423297323
192977402
129558009
1733741987
30665420
48297496
604868139
2106594811
916781627
542484227
1775742026
600882565
1191662620
943439484
1895875835
191820506
580725086
2034578486
1659004114
577550606
1484234067
256327171
1770653172
1924241267
1948670631
1657802986
1615605564
1946092920
1326840066
633946677
2042585656
325809362
1397544592
187548028
1870849210
1108505621
1218428078
877764173
656761033
196376008
979690931
942749954
475965815
1173735328
1358583958
1959434687
129034123
543489288
1537497364
1105460556
583745314
1641493770
38504517
351931163
935700492
166970152
569807877
352800389
1932555003
520346081
580175579
806258866
779754745
282834950
647382218
1449932664
1350821620
1004114592
1220073921
787370214
1120876075
1850444560
1377817453
1462628106
1745343322
541484113
1927845003
596917844
565657309
2136719591
1528768863
1072116276
408595556
221379510
50201363
401091886
287304845
1045613429
1399331183
1703879058
538697744
865627689
1092692817
136414952
1763684076
173432065
162995209
193130865
526353110
2056134941
608613067
1272403178
1470899014
750127150
2132068128
880784401
263676317
723360058
754071488
394216379
386608796
2120373680
1934626727
1943319059
1139060865
1655542950
397663310
558375235
232633587
246290332
1162627819
305208191
1752267056
1663678510
248672470
255248386
757751743
1241402501
1846427677
1571911257
378488904
1734714138
70564734
657006015
1528106524
256365685
1748700909
1805952053
236795029
1316900609
137415569
1711428434
291541941
1005114804
1317270262
565807711
1078484609
1296857405
1144837734
108141126
1923252402
1752103621
2107980925
280062778
893507122
303404876
1667619769
1954704151
501454680
1876819742
123032658
1169757463
1024416028
1329643878
15727475
799378305
2049808946
1277620712
415212535
882695180
2054325688
739194904
321580206
1063216625
108874763
1598683032
13666250
747152252
346408248
1830348406
1324247424
1608377985
96564767
1738286551
1796142502
773868930
1774216860
1937985603
1910982540
1224701648
736229563
1941480405
1304497373
507458934
1193867951
1115141753
687012406
1109381710
989387329
517891957
663482412
1948347544
881644870
262142554
201299085
1184057498
1430523415
1044764300
171188015
1442307737
289738626
920467517
1608295903
818589921
552572318
662138320
1073192696
1433613124
1680985023
1389342192
1172645092
111823343
1514121819
1337994534
146465617
112845283
1582181178
1961604919
2016832321
1141216657
911670626
1051768187
1905248570
1975999938
1166865994
1523383527
726733115
1981905860
1536987466
612085004
1490829162
729452560
1766797588
468674803
934963022
1963245693
333184502
485907452
2102370263
531729631
41949057
1400882929
1575880334
1747528784
1492730512
551659069
434225725
1691133983
115676937
88453802
1749359967
1616402143
1175415626
1177455005
530637111
1385454086
1162702594
1779779612
1799207574
1176672438
2082888852
1238770483
2044109305
1068900019
2045996677
443192532
492509402
1045447016
403031512
330703571
1927144428
1096273726
2006718303
1485102690
1099267600
1658271344
1623371500
157719786
483269426
615206925
1089157802
1183082779
1866228923
1448533664
1010208684
2021910666
1701520581
589342583
2085521339
1696992583
800543099
700888537
834183525
925697825
596324426
950662221
1504257271
506980315
1849015754
1049537980
59149667
1536262356
1288102471
1932457013
308793021
653086241
1757167487
1837796583
78187405
1019849414
1909566233
1004982808
1296510186
1184000649
87514636
899806073
1520025207
595575641
58691335
24086011
889155598
2050650466
1107409324
853522576
1677644119
1226255891
262090201
1081020478
888778264
148605379
154014073
1116391185
456187679
1581215093
556057258
1700379093
2042463955
2081255557
1139740643
357122443
264743179
2011207645
511155178
1065671925
1934909997
1943043938
1551861998
1797666523
838183189
1844002000
1578120661
908681630
448288980
1824929743
160382382
155982848
428853032
434579895
254812894
1230020777
390996040
676147009
949018319
2077065673
865835341
793175048
548795129
1862778740
627943391
534619190
1004825765
1586253297
1603318645
1849052539
1906826479
1025431600
1539495288
41737399
1066096226
1882083828
1821877540
611907325
242837289
1192259911
717968365
1392816090
668102205
778741583
1420832711
400074410
1271526061
1607884060
1826442663
2057203513
2113610050
1736079817
1062189326
581573152
199836584
1141734949
1394248809
1836566905
1169723132
303563999
839176235
2139351011
1452846632
746720088
2065586911
1282434429
763971207
387115633
1515967316
520212713
1555626884
1926572362
433309720
1904242055
1359097308
1620502898
125072843
1917537193
441946029
227868981
1410576776
1544425352
1907294281
1693598779
1882926136
170746662
2110725921
957922136
1989384462
2071844924
487835019
2132794282
1589667840
2086756937
353083676
726101001
2087453105
2068865764
860638319
138398282
1783586850
884410428
91916744
1306229950
501576629
187037688
1302770097
1305430918
1369959491
726817333
1016662106
1624195263
1394620876
941854151
1040470870
1442234530
232056730
1906731500
1011277599
1894840249
1319192155
1953532718
545214818
1591606039
32377694
1570316249
336904522
494036430
1551158379
632996307
1680533440
203690726
1056898874
303547747
591765778
526166348
1452508608
601064331
1192022150
1695888448
1015460212
805295003
1735446292
1262567129
1055182818
1011123403
738173406
647813689
1046286067
1058332793
494044271
180721605
1057588165
1113281717
966689774
1977537779
339195610
647794352
1273852256
1078744027
1997616813
808733667
1901756186
736963184
1193767540
812971380
567296389
1091073129
350088373
514304522
2137209569
1778476046
714709350
1462872798
879380037
513897152
218086426
1430131336
536423221
1168737938
832142843
1836574480
1595234010
492825586
138952036
1499811835
1293586208
2091100804
1484341620
761711646
186970738
804714256
1474695722
113278123
1845755282
206726545
1051022464
998483108
68799589
242211438
443827014
1794583924
297725316
531981545
1068606871
863051872
1613495902
1742199014
233901680
452792622
1759451353
1056547921
111371131
105114318
246601184
161042333
1360983304
1408930600
598011148
1841439352
1666868819
623679232
1754215156
1735860374
327333784
1332495313
303780324
601431227
1764601163
672653492
1610358335
1367086965
1361331747
294211783
724910924
1185042566
1538849164
1063252465
1571702362
1423383811
2033799580
1698870841
1857199124
1031548998
1149743940
1277906464
693343125
1369581404
2014160586
1684712949
993226888
1789575511
400471960
374843884
722826266
1967631429
40368768
709348589
204647761
1883595205
559271548
1012064675
2125081498
1708731835
989917934
392364388
1842699821
1964642995
1527687041
1209042265
769676816
297730839
1984711885
1322110984
1955123419
2115481625
913963755
722666158
586116434
1196910967
639152188
1081682567
734754288
79888214
1826910251
1968266471
966615005
986487863
1718869164
904763142
1144673798
829500575
858604704
1835590804
864112263
1021734905
1721272990
148467289
41631064
757379552
1582690290
876183777
1989378010
805118321
915036133
695496049
1952347273
1225844623
567204112
754828288
1053667674
1465186257
123232155
1155220441
1244443017
1625072628
277310387
2045193284
2029305231
1169135110
1573233030
856211958
245773831
622923899
64368467
2087659888
1586609782
149121081
457998721
933388514
394208635
765496466
681035094
1976220529
1761704324
1910452058
1239788204
2077119614
1312335728
1131414202
15919198
1888254029
419283751
964040876
1998579115
1826971188
706268420
1850867910
591147787
1386523282
744424518
1823563353
266645705
1019979601
1331630169
726478332
630409946
1366454111
740749854
974859892
1256369914
1803226192
767845902
1781299245
360619653
288171208
784151163
294495273
1540999764
1481474606
385284424
347674420
732857556
897891029
1153215912
1832462648
436928207
1429216602
771828431
384880926
1381391468
1883225519
1705456941
1218959086
188963996
718128929
498850761
1808539140
644590360
1035225992
1280042112
2020817740
1336369760
337475836
2022527935
360176653
1120408127
785468153
603421223
1710407907
1042820025
411773147
309868146
1257156828
1001238858
396750098
1090705797
1516238323
2014247336
1646651168
289550125
1348676991
594625680
355868928
1740952071
1520628042
97769251
1696370463
1592335249
1789974371
1936804094
1123095670
1797388560
505773772
201432494
511950331
1158788307
395381720
1022846741
793039259
712054521
1798943701
825795379
1208904171
1489544548
969618321
1573357373
448300113
217720228
1939697545
1774906779
1130096085
1941775451
1145422839
745675867
2078848768
1426192060
980500832
744007412
501899893
262407402
1571521311
1340616551
960930499
1921087460
2067208002
761868234
1951578021
1055724334
489288527
1385445438
695324077
493391582
1221208077
934596647
638090071
522881612
1533205156
1013808027
771333750
2094754316
1796952785
1478650235
1800121351
15067592
806708009
1328803866
651965721
1907581552
270067373
1233241918
178287475
1798857955
520946848
530631857
1288016857
458327150
2012348527
1435300358
1569820193
207750087
1769262999
1540059426
1875915348
554252107
1079582702
636704503
720567374
210826192
107585796
1555967156
2040470551
2114176452
2120157309
554629224
612938264
92871076
1687978847
945862907
1114379451
738404136
109902513
43996469
785656961
1403530256
1207157963
1043949769
2119928381
690576220
1794063437
179762921
658016732
97904798
1591471481
563583663
325491317
256893359
1750218534
1245869244
1082968537
170003506
608236492
441139529
1799995756
861583864
1340255014
211594670
1826184293
2113801271
2065177240
1195145781
917831950
1066485620
320920907
831416057
97847574
1725266530
754402465
472385092
1494577791
35632933
664259769
29991154
564246402
2075306522
897950424
1942565753
522704971
1556573646
229137907
356044905
490136189
442109603
2010378017
944375945
130167644
1816246631
391484360
2071556744
63275242
995563293
1365249123
6127110
772882627
598917656
1409414618
1739014759
1924467538
760055424
465736089
747708434
1649974541
1277833442
1898775100
1047335604
1653227384
578245338
2024376774
1872172881
2111117087
1545172908
1836373346
269610647
1884663364
1709132335
705009592
475722347
1203591250
1524028609
701248413
429084590
1333782170
830329368
409109850
499014498
817867457
658132659
1404592174
2112812393
665891904
1306419312
18098215
1910133194
1090837557
1628913120
853554011
1359786394
690818150
963042413
1438632208
1699405953
1939353504
666795126
2107923304
665585981
1306673594
1095638476
268947393
1211233939
2041391711
933692271
535423509
400438929
58807011
36651499
1561409911
819645173
868723592
1399760602
229468147
995094725
1321136811
2059048028
1206280977
804697775
1527074693
2073723799
1326256737
255750244
855578324
1492706845
1932387844
240548837
85396401
1149326107
637214733
666987044
869889711
1891007516
1339824551
1869712628
389185266
193358235
71420682
1879683280
770995803
1765142933
1851326183
1054186058
67503209
33908838
491062802
1438541195
733574266
443537483
378269142
2027789123
1607997796
1303225529
1285994935
1380433442
1916865386
13197149
355655615
548684866
1148788074
294874672
315042528
1056964551
1546920413
894422867
2097239109
1125199723
59936051
507239166
605909459
1127778576
1987627346
1474081344
33701972
1909415407
222397616
272070679
188247035
821669486
1001644043
493846649
1654458218
1789342565
771056965
756909257
1206472895
1714147829
605012581
2106874756
2100330889
375988117
1985186267
1670219463
730895206
476121131
1450100405
794361632
1654749292
1320563989
84153376
1513346726
1378605144
226335100
1985111671
1397974213
40161777
133916452
1269523557
1524063175
1158035826
1644794707
1972433761
1681469776
1694524470
654941425
787900101
673183610
285907586
790011156
1835433619
383091280
520187142
100544942
554391924
229921342
1290075956
317407883
743186138
1705064488
459315002
1575519631
764805034
1015166693
737516110
1635780964
1262725152
1428123118
1951714541
1520566399
716747480
1072556443
444624272
1228433053
948838930
455536182
551038003
303716491
2123178640
75953781
1835704677
776916795
508454046
864738136
1632614017
1848545743
993159584
1278060202
1819426823
1755190329
107898257
1870237541
1538213961
1711942716
1064748173
1729999842
879989673
957267068
943953666
58743506
1539699920
1507260630
868952716
912824834
73263676
762877176
2085950655
1439237736
1299189659
98855742
1826366986
986359465
341712890
667232357
2016843458
1829881854
1067065585
2047550545
1530036323
1036454014
642621380
2132148597
1756179942
196524212
1412668142
993993586
1681826129
880165203
163684880
1366322735
1723030156
1741254582
1507246472
2064435134
683737508
328444047
2055447726
1743112859
791474460
869736841
1910078735
1701405495
2126354190
1720571081
2076306990
1269022439
1528524651
870981604
1842582905
1382349966
662934257
979922775
1574714392
2054983299
1563605773
1555034970
1898564335
672428504
1647640339
1226753737
1228534694
1205785452
1275552856
2080350571
523309233
85112404
1626596640
424761403
2130978496
1688399411
1921917775
1471436373
1256076085
660299482
1273858926
1088699532
5794407
35608861
267700869
143645703
1612952582
810844525
1185065945
928818561
703388478
743107381
166540190
1599746820
500829361
1276186185
577363359
1383019222
95472520
1712204370
1788685794
704293283
425852639
46003619
1197261848
1991194586
1789909446
1103763248
887486755
154183494
1607915838
1338981531
1871330337
914414910
781124373
474906241
1549240563
1862955474
404727635
1503994636
1761284802
417690169
20719507
346734295
1376962093
1927685499
2066055861
26849820
2071415689
854792311
1111036052
538898553
1375963853
1691355362
1019097335
569565643
662846893
2107274435
985830660
423989930
501219904
509189334
2070841417
1030882451
1468386370
1511890594
1019260691
1399608927
818622447
25923120
1874429269
861891532
978291587
738961531
2098403215
1370995625
683573776
79118344
816525173
1417059996
2072622372
1763059626
1179831206
32694444
1190631089
1069017285
2110501325
179974975
2042801222
211558730
1959542995
1589449775
877124814
2128221352
1002774732
1252095468
494332399
1137320703
1025831572
2012555146
908424808
666446934
1355711020
2045492569
1127846689
249144520
1708090613
637002322
1740435794
1795585357
2033475514
583728549
1290749262
1716254311
498851205
885643925
1476841775
2038146973
1987735009
399369085
1548872916
839285716
1504291352
607063717
213863772
284979494
2132250365
997553882
1883670446
846307747
876663226
1693736720
1200770419
951453674
508635188
1406175438
407348606
1281822284
1052331402
941486569
1508410319
1473499003
587022828
247215865
325566863
1375814446
298700513
1308354150
1629370147
117130807
1922737340
603669073
1297069341
626462487
463682230
69139092
1309639229
748647303
1831628797
842867195
264377802
710536731
900815523
894128047
918922131
339738794
1530441777
339295588
1207619123
1240159414
478295319
195019491
985815571
1046248440
1038442413
75373913
252262888
1257075487
281496854
985532973
2133762628
823896215
1515667382
1766539639
1071054054
272994153
396667379
574307932
487771444
439496096
96536209
1806184950
1597677134
209464207
677108767
797873588
572683480
1840378428
1475777381
2133311716
1992856316
2106888572
100735027
389210733
1786319135
1727717849
1765337149
250820901
1735503721
388308317
1964359851
52563742
467150449
846095824
856588214
1587965234
1342352996
1281759531
1970557640
645927978
2090555062
956133845
1999007791
768123027
1143623205
819594016
744826004
776351364
369139673
240568825
1650174080
559368107
1928781753
295668785
1140160304
26874056
723161188
1126456649
2127704151
1490819852
655140651
145846478
986287858
99463127
622619892
43972467
1339034501
751581310
1500359640
1236627180
1603004239
1438407596
2017304435
829849403
42756654
1036722471
107880781
1480095647
1393071175
966725119
982891845
988985785
2029164875
1494934896
885617884
1404991744
271265636
171481664
1853419167
829714158
864804046
215896347
1301539027
479737788
2138270974
1944708584
2117329634
1899544664
145503135
1099650738
1628043162
2140728341
1423475371
1279996140
785048233
211766484
689547319
1098932350
252912131
103437833
2066476922
1390549188
1880869121
1160979032
507928007
1813638513
264165250
1638836609
1361328890
1365111795
1920190478
1167552837
1045645790
670645482
371823134
1387107892
136868569
1537566647
839062076
245531717
1066876484
355819764
1334592512
293420437
1486165604
989647151
1712994061
749168735
709886663
673851400
715444425
1319816933
2066053180
1749981334
910720883
1621738505
482510873
140559995
2119293428
324632461
1680543334
478493025
538215774
927874987
1326943907
460490325
1095082551
752829889
908173006
1545423988
74897915
1299464319
259870274
7380414
1184044996
1710657158
55956676
1587448684
1822297075
1665764503
100644452
1662480162
928949946
687477490
649667370
600373545
1248983304
1443148103
1907408246
897568276
904597019
2143792221
1565756866
514429615
712472030
588383459
1965087637
406717525
1113960177
1025675279
2042048247
960164172
1988479376
1311946322
598953485
1563463753
1059946659
2058672766
565936338
1347547372
1565781829
1042545836
465746567
453528925
223988009
18063172
1697026726
1998221931
278207617
726570362
1358990668
1799418095
992905290
10604730
640826969
78589341
1881191100
1892924306
1442392031
595661537
1893053168
1796722798
473488507
796621796
1771199903
1287963927
1821484433
1764487271
88524005
1233687264
1687910533
1337794185
877211765
559860874
1479270094
2009534830
1678045654
1112227941
290441606
694408858
1038840380
2114349353
128509908
387389815
1814168258
242630152
2114742529
1977874646
671119353
520364144
1829756300
1314506000
616280735
2117758448
1601977851
1916542678
569057329
1816608418
829812669
1083507729
344062386
2080023102
1909697926
1192004000
1186143476
21196483
922206330
433044416
678818283
778775786
548027334
768963159
1602482700
747983173
1704304804
1926187462
1668212890
86098692
1129937185
1528569751
1320705045
1991093434
1093367918
1715643508
1551414611
373404533
721513450
906936964
1105366670
1710211063
1440477501
2008920883
282415272
1354417524
350346472
1106300925
204651427
1083989555
1348729986
1792971775
1467907469
1681698113
1299056363
2039827214
2119820457
1060793141
1859506947
2015781209
413453644
1823274036
248329788
482958637
686671233
1448726565
1910286331
500452599
986655184
194054418
1788073036
812738943
1447166680
15269366
1475161393
1116090867
1485781932
686590098
486547887
248065176
397636701
598003879
1721536035
584223335
884852353
1484449057
60662282
1786490579
692037071
1201024351
1743306698
490621470
661381233
853215888
493483320
1429576281
1461881275
957518864
1322249650
981172354
1591614840
1997377520
119645741
10597009
1443400166
535991043
345805095
1452638103
206536720
182965496
554045282
1433230359
574245254
1611441771
1618144508
1962933412
101738001
1811590100
1745589931
1349705823
1388064283
123795752
1955899175
1933114480
598231367
1297451566
151357710
593950792
1669269693
45585112
1801693239
528263068
1511824095
1652859180
803933983
547742828
478358138
1710939026
1288306816
348861310
1138643962
755507826
1579953859
509071575
646979069
310076339
2063859863
1197423109
1382555027
678033555
1327838280
1797774822
1359412580
2120027474
1740591718
1467819088
41478345
334014908
1559849289
145948600
384633333
1899337950
1930852057
160951608
528755904
25782214
2068889911
1068869721
807507788
1070401680
1484575274
538282622
523283284
1396728621
211061861
632556457
691325540
1446827600
1286135411
288155028
1381075350
1101418248
1358879412
991236138
865230479
3918417
1316334135
1539280268
2059751109
1483598542
506264483
144343230
151089737
1142358216
2111711624
1386789659
972139416
1419002251
2127799318
621196855
388670075
994990142
389915321
312153347
1340941928
789555658
1274491538
2110167606
1908965613
1108035261
776493548
742134392
1195363144
1271694261
912356897
1430698732
540458538
939615919
1443204776
524837487
856931726
529609643
1156602259
1471392893
564137197
1340232044
387192885
1528408715
1432500644
971755849
1807900688
1419806936
1466511929
664938556
2046968600
386085208
711502927
1046726065
1797777857
75674821
876910526
1353650176
1777798302
951715848
707104994
1911613738
1096463733
1026879123
230001319
681012892
846331121
32523497
2123281122
1602961831
1911748776
2006544079
1985871530
1066006075
1895499797
709884
402362773
1893566470
677666962
937209764
1447618220
1504170259
1423106110
530424588
1372209308
526271689
719195805
1641216120
1289321709
1367529955
1795410608
1650765197
899294988
204886411
764287899
800007106
243768311
1507797409
1298407396
751487752
125424728
1775377191
1444009461
2011033745
900673427
40424521
547697325
1792980499
1298709915
1797067973
1820795695
1130827703
675983214
840588538
1651581275
1350418382
488507628
566039145
1802153462
1851213277
2109300734
1352598648
890685435
755751167
1955034870
260983579
1107249091
1780985119
301718176
1095492691
1904425220
1042049011
595159074
2073662857
811785036
1819724676
60160798
1559556012
1777234808
1331784787
2126058011
1073698953
342506205
1639737383
1694217907
664582905
974781983
58706450
700788783
1561353164
311499478
1825212813
1853127594
1594677766
789670665
920309727
884691756
688258294
55998875
639689848
1080659077
914195853
1491262323
203217224
2040126400
778746684
535668629
749804004
28803502
1979340246
1290257584
1076435263
936287984
470368675
1872638913
1035601781
1010092443
1398431699
1209016907
1290451965
1433685243
1048542641
1080196336
887848659
783993213
79212407
1336405064
1147964955
1283992192
2038958956
935032920
1519386151
1503557137
1137544960
251125710
1211862158
1729920277
139288981
1747094630
915471223
128914276
224977979
29902948
868932184
271095580
1382547862
888924829
1382758919
1869522500
1901552531
2057700931
1633743704
1626725034
913030557
1353488252
32116436
1981483164
603413664
1566707658
1960913993
1589825267
1535187321
1613295459
137328193
1044307326
1918355080
1720361773
1946226671
219242965
660776755
1453165151
870803462
1798820716
293545684
1161537689
1208707264
1018639693
211264152
616753079
1548928998
1337771225
2101129792
1425926102
1529923308
2128741672
1448772863
2040144764
590526580
1931540355
219009274
1377862641
1126506613
720064970
1933664284
1473129603
741210602
759166167
2040058402
1972108505
500224147
1809669736
1090181805
1163515954
1208745745
448387380
1186897469
1982406635
1333179350
1898976515
144780988
1160960390
1770219012
2134144232
17778660
623142768
1636179122
109261219
83372151
156070168
1743018110
2025693963
1129835193
14686316
233691
1430397761
326658538
150738492
2012640079
967899728
420327087
449541097
1126064938
386639294
116528932
1886742909
247589420
937613838
217180357
1081535928
941844203
1613849875
706965414
839033712
1786759367
1205532531
1755127276
1139846028
702286310
1310521516
1984434128
631949383
675794016
1883988234
229090395
622013831
679834543
1075495489
1163282263
1925831631
121728842
1036158977
2117250203
365279622
1478649428
1842723538
34895452
1383579718
2017615300
278519398
375553348
698565284
2039564509
1149319870
1361709612
129168235
1318728549
290801481
375410596
942184807
1822754132
1334296157
1595935829
702118563
1130949247
1935861351
1921230728
1389560351
157548899
1641998748
1206908366
1319577578
1921815222
438832373
959807086
2053168873
1644083319
341685792
1507867931
2091519476
1170637079
371547558
1269714375
423766912
934968168
1285868844
739868521
1673957793
522278622
99922160
1450768929
389033062
700084893
221097456
103077499
934916332
1587706795
1415131640
1381814022
1690271724
2068976457
792818748
1226030819
375616552
1219094679
1203459417
924233709
1600732136
189512784
1456024386
632568563
977042757
930417197
431374767
1919031375
1451206574
64581782
1172168917
1914634042
1992564050
1195992830
247272935
867281729
57626739
191229819
817875304
619492685
1700717766
335754874
24890754
465462078
228951679
1107355417
1965079854
22543019
377818331
1293000386
894097823
1352155880
1878992398
361635135
1286620032
1484445009
1213737883
1614837244
473726172
1606099512
268710126
449549728
799354572
870334550
415537878
1647981245
1536733619
494278894
1821703522
2073020666
1168404080
184386733
401219375
583966732
1370999590
1264977262
164622030
990562308
403616884
2017170987
1112820990
408831748
1541213044
158206188
1317967606
1967496684
35641644
1630928915
2056856445
910311573
1801027493
590273142
1864987294
1359259439
350782559
1251168038
1683883949
1302039851
49924200
728454081
1718105445
1470800960
348323144
452281312
124596306
709711090
950936505
1295025666
1138119192
21642770
1319822979
223175575
1211220360
604038832
493278522
2007362025
1055820331
641148384
1699850591
595524841
1612339601
2053288351
584906096
911391949
271993173
578130938
466883086
1189443583
233184173
119831552
1728576960
1010065826
940638108
1822646450
299065542
1789503677
60508604
1088931732
33609882
608256516
1016560179
888099625
492809723
2035213675
1737972241
1577851918
1526536429
1260948462
865980917
490904181
195347707
1042735565
1749672907
1601883006
1263598127
1812300741
885894864
1584414842
180288139
1693949015
242828004
1908976569
1061841493
1018287640
440549457
309757153
1430021114
1536057557
304973290
851258492
1946853421
2114372246
607538502
1091594075
1726448309
724239976
1560478628
697176068
1320903355
841624902
1199078156
1353418271
323462666
1889763639
2071967492
685841395
1407876566
1486238749
559048323
634248448
903608813
623577409
908643593
487144514
365428512
1255067257
1973741779
1622005730
1594664218
1428215088
147830804
2137962519
955975172
14722425
691534407
228459108
435197063
658078832
2022918344
539358151
251822113
188718796
263511487
1486146884
494870859
1036893380
1585513903
1319561501
1093803795
1902191709
1049364234
2091266012
977009234
1818208489
2095133326
1323276012
1205728653
120393988
726165563
471381052
897981844
2085956545
1249995497
2040171914
693794098
1208599284
397443099
308740241
1198229232
1843508384
250644332
749797734
1610804052
19690172
382426335
714890017
360065922
1569980356
2139757302
1476018779
1817037001
654180278
528201935
1839956156
378850854
204048439
1160953285
1285250330
67072746
1515742042
1170214102
314803075
2079396916
1551537292
1788859954
313349215
1086206946
370823220
792352786
1433755222
639450281
1276773662
121332269
1397779058
1651547377
299566500
480461960
957319062
1435782154
1380243309
963210090
1783231944
128120333
1397630431
801827698
243801566
1557754610
1557522988
1661321060
489745659
47645999
1259676416
241667495
1829970837
673294282
2083324904
817884465
59266760
378313865
69077120
1776166718
2136726349
777627570
706002080
836568498
540263339
532848009
1277906524
188408779
79284354
1871070126
203634223
1996951823
834313084
552531952
1534465805
186682742
681766485
749709594
1545058388
903078252
1676167605
856985807
302607127
1386109223
1527257512
1035106167
438845079
724484776
1715706120
1629165682
421195200
579005197
1366705034
1751560238
973967388
1005604374
1569601900
561061933
261564359
1858437204
279848086
1369114209
1582036706
766159180
1991495423
1410208240
1554838058
1277438885
1286312124
1896642162
136117980
1457040813
980739124
1313482515
99999113
1279740542
475020443
1467376504
1456794633
1652640819
94002930
553421748
620186306
597602319
1449874926
1772112673
630246789
1230236493
1726048211
528861431
764564489
120704552
488145235
1834104831
623230166
307053396
1422432748
1683931594
1542097447
117049272
1627751756
1308889841
1585656299
1966547605
1493047702
1111638034
1745749720
53222519
1651561125
1841710493
530583931
102225396
1251750947
756407187
1764434274
1873909985
748927903
984434387
1463767901
219382750
779961451
324601565
1698874321
757450693
1132077673
15413428
968895578
1294117940
690252349
1940429364
2004791441
938572496
2072762704
1339745361
24889063
932596736
1115249096
801122348
1252038264
338236892
26362953
577024270
1726159015
2031821365
2145761147
662339093
1016437252
1879221695
69670557
896803828
1705609140
437998361
220163693
1322714697
1484571468
1303150191
1757499167
828205606
834469932
1477634274
142742456
451631780
1510453817
1858615408
1984402699
1739495082
176946339
2059489233
731518124
831837538
758660889
2095289202
1879879770
1125531009
193019797
202937181
745926197
1814536603
759173193
469738580
1146459823
1237157530
1224447383
1940932168
234820224
1566793080
718408803
750048007
2002657540
869222519
1322581216
287043490
2114136063
1921887637
195494436
1722214820
1214054100
2015027254
47418666
406266065
485392754
1104431666
1147703571
1385316666
138142939
1757803585
705602238
1242116331
1129694900
1281634287
557223994
2090446211
69032413
364731352
331174451
1053068573
1374668044
1717005296
1623795184
417609619
1021086279
1574381979
56831693
2009779252
1656739969
471617399
2128636786
2105475780
930036573
618288624
1136366728
878382590
1767117937
352907128
2131829473
42028157
89453959
1986614364
1802789229
624500286
861190842
1623776119
1767836754
721023253
311998525
1379618652
218011077
1749404711
1590713186
1289909510
347546776
1644532451
391232070
1777292694
1532663433
1058494422
1047599973
1285407966
1876060344
1814009187
1776650446
747610105
312079758
511406276
145267559
1826325051
323328274
1863608932
380385526
289146294
963614614
1535537327
2061699714
999294898
1703902424
1544793807
1954028872
1483292087
1697780727
277121317
253606322
379232075
514762594
1787610710
270741848
1639317924
487150520
2137308890
967727342
1073335051
1141911831
951529640
110554020
2136263689
995333487
113580737
1311696361
1256430478
575755694
633157121
1056290378
501885792
1369019185
1301566892
326294896
959493096
1730316384
1539420819
73390270
2135353273
1251949197
1711791533
1735110886
1598939027
1560402865
1397418371
232847511
671952695
240664428
653433282
1339174531
333503031
895881590
1454534122
1294718110
12084974
1424983307
2072919672
3961411
1590321687
233097446
697598394
907536393
1064623606
1368314586
1899204177
1157696537
1360679349
1461315814
1458732399
2056485187
1095213348
2063918620
979857716
1968869501
1577603945
1363902401
659098640
575860824
1745398763
2028216873
639743666
1015766050
2069806059
1441466237
722787347
1753487849
2061968710
6848782
314209922
1681993436
1804880359
1535459408
630552230
1902255827
554350803
804255140
670487280
230624441
1808682335
239721834
1019651809
1358120528
929415676
744431742
243961183
417068058
2063507521
1633148268
1864597812
795666220
765884667
1497058848
406046295
1709588461
1740837427
1829315991
985213981
1770641016
645527239
145716328
1243211474
1353830567
1147105892
1924222610
251604828
1707237587
1433366390
1225085536
1414518698
773348805
693415121
428474199
914662136
1505676929
1008565064
1429106785
86350374
1325374317
1197505054
305719289
1837463975
428820442
289734617
1666027349
916108769
307821511
1129413113
1068447416
161418400
872518459
1966524806
1047329911
1732580849
1662966007
1143994007
1813304889
211014636
1152676713
492826914
684207243
1131185315
838421985
218629570
1091249007
102251099
337410468
582396712
1047853013
701023397
311730642
1742965617
1807323311
573135962
339807950
455736000
814391032
1064095950
1628562190
1008113841
2091266964
577824474
364918974
1063667136
542000239
954307646
1793568857
843376997
1399179776
361682922
1342743822
1218092149
1081157308
832547403
513297811
1322017621
999041990
210190872
1345969257
1563776250
578698301
1872908446
81560100
367424019
1997171405
1277036489
159201495
474193949
1392772899
1207230007
329602975
749208939
729936093
144562872
549043597
106382769
766266341
1922238496
1824112978
136941361
456165889
1641517118
1330700583
686170091
1505763222
1241122140
661808309
974775908
59838151
1165273976
1604177657
604200160
1865610340
64785940
429415540
218358518
496264374
2144978602
1213979378
1412447397
795106151
1319374908
1598087745
191949769
32079947
593534883
488156056
936594436
283503806
406915042
555751280
1224287141
533561541
1209027896
1107610361
1084664830
542207863
1542873656
1009144444
756049265
615228180
1331909234
414355798
227498923
1750535997
1872886462
1031082246
665150153
1862630979
330685079
1757602042
768771386
708259118
411665581
1489318857
1284274628
43429373
1138750814
654090144
912228339
752966084
1872697520
691272102
1800406756
609522696
379890516
70638619
656582444
1104659226
1492234357
1823634302
1100874365
1135834158
457930113
797219217
1610680564
905019110
1370588822
588897419
306677132
1709936284
1970489550
1221447104
2100302374
796796647
1934463541
516028023
121895960
1867192686
1970819380
1041235457
1550940696
888783512
96916105
3083181
890014307
640637132
761432689
1765459874
1370645481
1802247843
374499802
1707974574
370396622
654534424
656727677
1780420875
250329005
1761930011
2026121940
379255518
820324198
549853395
347413012
1349775702
929960181
651250416
738453375
1003610109
822542802
2011346140
2096226306
936873405
1281323493
450998900
272693606
212090853
1038918053
454846932
2054688557
970043432
143586421
1752612595
1365735585
651912936
1335436482
262514976
851050482
1445767950
140068970
154042666
265699018
507449596
1988554393
1591563862
220911259
1001087301
541370500
894624050
1220606647
238763891
2049667404
1905306227
942917072
1506782988
1853505184
1585110044
426651081
2066881369
381840818
444636824
741502822
1942965720
1854725101
1056078508
235669097
1215195250
1331601457
1842983723
14339220
667445205
1947683581
1440169072
863541139
668500136
1745647122
1588776710
1095802659
1837243278
230087641
1419089952
1818204000
144294003
1381723932
1815924666
1067859675
385763841
809695523
2006436244
945891399
1897810085
1983347542
931652760
1063927132
1842915793
1560023491
470216945
800208142
932475885
1355894765
1153199656
1816969491
845870424
880284830
553161442
438563957
609498332
1041765088
274416936
1908619513
264728474
489307385
736891450
1836793728
1110234513
773916471
597208819
561241788
38800435
2135702480
1997388903
405499727
1472648860
897092324
264012782
831581310
1016030821
376241940
1168108993
1255960292
1275430177
788568568
163326774
481348513
1224371632
1749604108
972333576
1411492820
828562490
1377360709
458361343
1491482400
535278587
97816731
681162925
1408502700
1246456092
1242342679
2101176266
1068999322
962814672
2056458804
761407707
944257052
1505989509
747699929
344320631
2096261747
616272048
1869063779
1570016783
233256392
2021139742
1165940291
633189336
1623643553
325980611
255542937
612422096
1508114052
1949066542
1333199646
1880162945
808923373
1677341137
505906503
2017704787
1374832129
215929399
1002993729
1732608865
1921171789
422549321
99109671
293145620
1366455020
27160861
1366553369
1122842651
476671703
1405283477
1023555476
795220772
1106982358
1954827573
225104951
1617826305
1516821943
1612111042
1205003019
1082522089
990913155
629920583
593062214
1267416427
1777098673
176295859
2099967981
1414399562
1000083006
877478789
1116972149
1880332348
1760761966
136454914
1796328641
1958190718
1922030071
872794671
1414217963
1596482692
1106910889
1280183933
135750393
102830575
925511066
537978874
773180587
1001579447
1452236186
1035563845
500882844
1910204734
1158410027
2067955287
741695710
1291251206
1976970754
979176891
663530594
1190159161
74676527
2099637454
122759645
1746676561
288311328
1290706775
1181942453
970527444
158498932
414397880
1843279881
644027272
197893079
1756003974
2123094847
1858212869
494170190
490231639
341905361
1239119799
1550598919
1098388534
2109647023
2112002808
376595945
1354251062
721922321
1840290326
1542242851
505077435
2128703611
942853180
209264077
224058802
1521806165
1154757082
1157424288
536557479
1962002894
1782287938
1503520068
1950136790
843080515
1037838306
1339767611
2004339219
1712311655
1549889700
2092344087
1030966488
797081016
1486739115
637271530
1571894442
1787043889
1123771640
2137474078
158240484
1370080616
1081543913
568784454
1489135774
1575768240
1800905144
433177916
900426701
434763195
2121317924
234197809
968337765
700788581
2105096358
675712392
707101070
1883083378
1747945776
255308019
1071808717
772235197
519740373
1789423054
1319516268
1895429886
511276363
1855480066
641964496
305581650
784853282
584498560
398034525
1164766651
999183804
1313960510
880458981
1213503484
14384294
374368550
1189659018
604660390
439340910
1569576024
1738477378
1315691891
1124006322
330177907
839468305
811026723
2077654107
1836294711
39098113
868463621
1065665361
1533488934
850340243
1439604506
1396751833
1741189535
1064491877
2092908725
1938697067
594845051
1797393560
1536819364
1983646931
1951054761
1849088424
791135848
1942737058
1641081233
1868699084
1373577226
1213132648
467148327
332894287
1097647996
50945676
3824377
771423564
181098456
1016011761
1978421420
375411190
1096042218
545400447
1677054551
99101290
1613178517
463620267
1588338122
1964235298
420678406
1457360320
1244233940
813446970
1991979506
1919666111
201658014
1479528607
1320435208
628573130
48332457
1015773312
436572874
2115079274
813004534
1802814620
598517034
1200594647
1900175894
1388658830
1392927456
969765971
883393421
1076896964
2107759294
219433861
701351342
991418917
306592380
1851953471
235909907
327515581
354398936
1824329582
1448020678
2063700553
2116382355
1801185004
488398428
1325465532
1996771309
671779417
1598472003
1700008973
967679304
962648108
2086321963
1128446591
1879879560
2021723578
1648067903
412583870
710928020
199679292
571307842
1598396082
573966899
167336976
853171323
1772545645
1218314769
1357722744
1172936227
1615965384
392663223
1868300523
661374376
759726939
667058596
896787628
1833915912
944815677
712196219
574710362
1539371168
721148039
1518777615
1330868095
109217660
1145111186
280595545
1720388398
1259023004
432352449
203885568
1970809684
1764071208
154719644
1253021740
1997108243
1489733654
1949045379
948013681
863336430
107150763
639048565
1646326837
2129990266
1307345750
1246862428
301273732
1326595024
461387995
983091932
187807666
703252226
1847871298
136217658
807791771
1997643450
79618467
1390582451
58119316
1855543784
1491950100
1645410018
98699740
740583778
1412079816
569337186
104229315
506654732
1654188846
817434000
1554537621
2032354180
2144285643
1996343436
467559599
900322603
1222304849
1536270996
23522345
1009838879
843837454
1101484168
1259000403
275931072
244544783
1648116989
122938386
1627853550
1494411520
1402861937
1917489776
99151203
1890926063
1239953544
1518869977
609224392
540348825
905743059
717910450
738008564
1142633113
1942102647
1819889825
1791437642
1576037958
302937133
706450230
1999011509
1816141706
2054952815
775338601
690831118
1367060106
1195764084
1011706330
390465932
386409615
1970252315
496038995
1911446474
446398800
623859412
1159726859
251326909
1047427871
1455386418
141428117
904332099
477473459
2005818854
359973778
316561790
818360546
1432997428
2014689413
1049218454
1429077990
1615046408
847376761
2089091297
941666759
271410524
1959195491
1586942352
627523336
1226658658
879574744
695161979
228247214
1128404045
222814777
717580157
409704064
953947623
291609764
518773701
782375788
1568562916
744009771
120651540
161509016
1949601778
1521538050
1957806499
1694979037
458776811
2019954219
2081546325
1328558318
2109971523
1108871589
918846854
1122875554
554431345
969779715
174988276
812147568
1720268154
1771287220
1968252860
575811674
1593749785
676084885
1496553061
1783004077
1789877268
2054341373
2011896570
1141387664
1495915712
266842666
2007998721
871036637
726725221
1927582281
1139548628
897356121
1388992
2039446962
168746525
1354188086
945512066
1514087308
265759338
19532456
1451451570
1742188250
2002756366
2131651555
116621488
1854109780
1209591281
1944759343
923240558
1692323513
715242878
1273516893
24984989
174802422
2052585416
551919085
8057649
940158661
1980126253
1843128857
1248356515
47810217
396150333
774332711
1977714734
1425115802
810758576
1828304839
1602540695
614064774
1777783255
79662477
410325547
1477020605
331552507
47689018
51585007
2027728662
1024766176
1789289579
1204735032
63239378
2095279726
1181885355
1212339403
2013515382
872371132
1974070217
2134345193
1764311087
1346130437
5353405
1681444702
570114128
918659588
1403641353
1346037917
1228423655
153936821
838989333
1043351204
1528770089
342218648
309175784
2062023905
635580401
863191346
695448031
1990733562
2004896398
500334078
127812634
2062876132
190836674
638393825
1185117137
100014138
1361748625
1709476955
2111682999
552744670
984172006
1841443293
1985713255
1415417984
1772429850
545701422
1987695066
558361017
1075394801
849134748
970644999
1873791841
185776843
745938375
1823448590
1868504377
1786103942
1267345097
576759002
1150324036
176923101
2130820302
129448795
1263977009
1218317803
89960920
1490608028
2079203950
1881026098
1303627215
2131772939
1666430347
189737469
286244663
59179198
1834810443
503989040
1041241447
289594055
89878979
1022979927
137087014
915338761
1155761650
1677172726
401504440
1877099289
1592381946
962428882
1464096407
461393843
94403528
1132717953
961358963
375821569
1000835351
1711994498
721736246
197100181
1682468930
1202577041
2055974763
824818566
1919251233
864845456
1451698299
1684054372
2047015827
686759177
2136121794
1364515337
744862495
977751042
486880023
127344109
39836087
1215481541
1121170792
1734287930
816813363
360345278
2045709729
1116775068
416929691
842233372
2037369411
533712394
1375862153
2057906741
1205827494
122815945
1929736441
844141266
754608772
1034785585
1114488811
1459752095
1143571175
290916194
225474427
864933715
1977567109
905622769
973790735
99581070
1864014995
1264136133
645837930
834014854
335985482
1932837457
590823706
1134931963
1527770465
1322123652
1304350959
939199695
407888875
1077017861
974959692
917985905
308192219
2136592733
1628415330
2013305849
1582262543
2048204876
223142270
1599578085
1160338945
727567639
71910366
830254598
1508813503
2099363295
530261816
1140086960
142984333
317348621
1125702024
773233278
2035358111
541847299
1721921259
1420473684
1679475886
794804478
1463854448
1579968767
1877918273
175289116
1051863220
66553314
1463440149
1454972169
556741496
1988458023
1424691086
1107968533
664802174
1963293766
1040993863
1193743492
1821159556
1755901490
1860927091
1908052755
1773602107
1575890817
791861836
164263999
796215362
90540254
2098799484
201726414
1030111441
1913828567
414671474
207941646
333829963
787458065
584350428
790657150
1869143459
985049829
1823188066
5357052
1514298096
53841334
1542621799
689287440
1862879521
1182499447
1800030094
1309891905
1879723062
841614619
868171390
2113503416
1707030240
1918906778
1168686018
2035447278
788106931
1713654274
1526557401
961322966
115237477
1261713735
424860728
790396576
1573786549
1216749440
774138570
2024827756
1378943338
250336713
1472083680
836109727
2080197071
1855570039
393754659
1719760773
33269018
102574396
448868125
1761199562
437993807
788907579
469486999
188496822
1045657177
448651705
648395053
562406832
1766255694
696386797
2550219
155489185
1605976075
861865100
2037603222
252584361
1776464253
752225223
1262984538
646130081
408360877
1922685985
2078432214
1629386349
1517014586
32061663
33306345
1998943848
1525152119
1596408892
2002178260
685532535
1264786149
1912841486
523329159
1473813545
792226736
236363906
1892223046
1125134844
568354387
211731738
258572062
682556541
247786494
1316594495
1377617299
1218331971
1965450464
141170298
2090780167
1428527442
987073505
1950221691
1352838685
662791469
857959012
987584297
818965883
1013595514
415345360
796934852
1184738360
169846802
841692184
1464501331
1038186683
1840618236
338535941
563789677
1607841272
1540100347
1007485824
137849694
77775694
196629139
1664113923
1395875673
1381599855
200420091
801928011
962458021
33493384
1383981821
1653112372
573650818
1845942677
1462048105
560002801
2008021337
615854533
1952126086
1564881670
878627532
709789484
1918903182
1174477025
88725260
1988348004
930768810
278407812
1684482710
879796030
1401660787
680812673
550679820
421041618
849223811
1872445997
1156209546
1146161193
1609566986
1753468089
618545792
211667503
1600370986
763441468
1948240186
664218077
268041366
1766042301
1723622225
1280615435
477998251
2095418791
1803198833
2122702324
128858292
1575543857
306356159
1169635761
1575388663
1555011316
450831045
2069495926
1264928948
82661991
779316244
703169148
1102432552
152609200
996718866
1737085755
1551276902
861860144
1153771194
198657997
946335878
666960029
1256902145
1155461714
1373720486
1571990830
1720306638
1312210156
702269234
403867275
401797779
1453725643
1025097487
575461143
292183326
1421163601
1566089838
2134057432
1718256177
54555670
1302637044
696533513
1094222202
1517708995
2131608871
1245071038
1709269172
115432166
769323435
2134020117
1876822180
1763621754
941647597
1604540836
1176366446
1609381910
318641712
1298378092
1943398922
3397833
1982188325
1286104536
1367226692
861061673
1828347859
1473074248
1825555308
526971409
2007909521
1723038912
170995917
1564703117
1291087614
1099215524
1043504600
249802365
1720221474
1886676797
1171336490
128649448
2010205305
1604874472
542886721
715732764
674528742
785659672
512078046
1568040298
1546578344
830285063
1102521889
267711746
190658510
1714858344
219850992
16532508
1476790468
233160529
1836844783
658534623
1566999377
1182297763
255006292
1193768170
1963024200
312119063
472534140
1989915720
561036236
926564081
2036644083
579448562
127041602
1814749474
140676175
377313853
743217815
651493928
186532931
1042688187
960996202
257515010
1127876712
1177624458
620517023
2050767818
1374044607
1723712917
879364532
1026972092
920495544
1487060945
49832014
512801867
709133718
827907542
1349868180
1496602198
900192211
362409679
313125532
669645973
1007004062
620014263
941124627
523073327
140670144
523392683
1574182169
1990020786
1420798340
825296540
46627598
794156596
1845022068
1309484367
54421051
1224865481
573251147
2059740029
1085558103
896304870
1110551188
1681547791
6068537
549583138
529616548
1761723382
1105615756
1460252280
1174929320
1394099264
1898785364
1971606899
729562655
291350229
1397994595
507862449
236499831
97443696
1910097674
850651924
149530748
1036827393
1753657399
95199004
1440433347
1403159065
815263446
1547132998
773486491
125002699
923351051
987935829
1424335223
1564304309
1706578432
1472939918
613945726
391541489
2140940426
526430409
1565260574
113929889
815091466
26699076
1073994823
222504346
64593941
1553671839
2058973419
1694042249
988365650
475807451
149642355
234906179
746774122
73723795
2075374039
2058353180
1256633438
1273941130
946459936
1705966405
686765789
1049926621
470748213
910849535
547271676
1312741993
732255444
2072538324
2041400370
1992441989
103986917
1383667265
1432874997
35600859
221735927
1726958323
1168687828
1217929001
1338565124
1409075254
1635643226
1226927889
1284120696
447543600
838293474
1189429044
817530187
1632854637
1545049526
703076193
1282391698
866999296
1727454120
2006777816
1574647747
1912648492
1703434510
163145288
1822716317
899335595
821416395
2133918742
1800125526
1143407308
371820534
913458737
949514829
711173263
1999471515
348415716
889665352
38704437
2082859653
1684868329
70323179
1607321547
1913289572
23204613
72556061
1505326279
495211806
1246884454
527488798
1338324177
710050291
1384471268
1803696792
1573580828
608436759
456571082
23523813
1005542540
1542696331
439229529
587658859
1649208131
1574286010
140713388
75723066
2072318384
239914215
106356924
1780866769
1196633810
1960894488
1243687261
931623290
42585791
1936454637
2114809847
2146842567
1680229897
90589227
317390038
404123789
1722015588
1606429944
461801349
433357017
1134832913
1257245592
1523417648
102736504
1542900433
324891903
2031606459
643491753
1643630124
1097209470
568598695
33035537
1772576184
2094965194
147721324
1265412064
388854882
1613501332
1478338635
1524913336
1613846677
452847978
1761111001
1784609838
641110559
457212162
490777563
914953313
1225306293
35105740
1013126918
42778187
1112484661
1854840018
1088373800
815072792
863980214
3620420
237966336
871741907
2076771676
600195508
1435476813
1092859968
1367855942
2081774310
374266383
1732748350
2090351550
1199461621
15268907
108514256
128091309
1084371660
966993987
681984935
1643618238
1886291457
1609109592
1085688271
1981597987
1116653146
1565669107
1608524384
84082552
525820508
1068034523
2065219813
1006591394
1480132179
401431850
385234462
1375534996
606596728
1595625307
1013651169
1164854812
668251033
416753896
706819896
82945779
905512860
972085410
25844672
19836833
904612662
2062170525
28113001
887846031
406388865
1318938201
1125172404
541994475
1299761712
1037627567
960118530
1182010048
1974436076
1008777416
842035434
1013739787
456530217
726156956
610219371
798029771
1777518092
880462907
1668978228
1636230000
2100826465
1664613770
975367205
1469537561
902289696
1002742492
1076085127
144567736
1539824435
1588687551
1326953537
611133630
1039921522
1177373782
600202529
161193978
1423743093
1990723634
75773284
1716452808
635506777
1979124768
1337902383
1806957264
1722202109
1840563756
1773899209
179355904
361866039
1375298548
389802388
24149755
393192297
539366648
934503213
889258742
343570996
1803118490
1787188426
297019220
2109026087
815550794
1789669260
385748525
1829307526
230901804
2121301912
1426640082
125954427
449025393
1521770325
1934278105
804689623
2100009067
1000723223
121701697
326711387
1315893588
1894819099
1209209587
1376326930
896729223
1930185344
164525887
1198885163
1302803782
217941333
500554874
242870569
1858427434
1965106629
1768108250
203535208
1926237711
1754910368
1967439630
189455508
952153858
2125133385
1491300305
1866745491
347259127
53401477
2060324293
2001011870
603007930
1366943779
440666877
1686127072
812801516
562547355
1175161055
2055783038
577978839
1068175937
1212296864
1032849097
1625143373
1334347009
526503744
12960471
1620747038
1183769513
415010640
631402411
1901145722
1730742897
1025935559
345098699
1180767240
2079729836
1522041176
1338243850
403518794
1489947743
1029067803
843327746
2017344698
310997664
595877233
2083343650
1924758103
961911449
1577552700
1295880079
789945574
1859808859
1773040016
858061774
542613504
934590533
711795782
1765290496
1598629641
1478339834
245998453
1310973261
1785874484
1428921882
99866148
1019748680
341008220
95568178
505359832
880555327
1187989826
1984400852
1652264244
1235514743
39108134
368969118
1162988046
1314145709
738469776
590643741
235686015
658835589
1753700460
1266614208
1988940484
41336863
2105186528
167873785
1949968842
246176707
1367934054
1904234327
1887097856
1072662607
1243949290
1865578189
1204936909
588422816
211131516
1723612200
1742335430
1829189925
456551617
696997373
107890253
953028369
207544615
537525273
818953640
173644386
1919086134
1545133720
1026820720
1007985900
1242653819
1734646511
1704756448
519260276
1587465045
58529285
1062045799
173134435
293082983
259183125
1660104920
1431239146
97302996
579601637
2139049100
321013592
1311515856
574565230
1103014193
1162341223
995791958
553979737
202283972
1056703087
1158723955
1035912115
1981275895
1567661255
1496403792
1776324456
474574220
1970283981
877413607
879111956
1977492435
1656786426
160821741
685676633
1148441418
152602231
661566401
1569200995
1536106942
197368492
1184376100
824134754
855725373
1775426625
545959820
497940048
1009612177
1344520904
442119527
2011963144
12193942
688674082
1532362539
648053361
1508019968
551552930
224737037
1641868191
824214290
664242174
1932092552
1837304586
553825539
1365674687
749592849
482262674
160191851
625839223
1573607459
950411962
500774822
1574074610
1165356442
4915480
2019810634
334589201
180186742
205849270
1021701435
998463744
766712279
1277536963
1528164454
1012934110
866918014
1288818353
124423887
1660252027
1325140312
596888488
2075348841
1167181857
744986705
871864768
412759587
1494555161
270309215
1637534333
1025833776
63697146
337748197
383772954
1918397092
1639191212
1511188322
585602979
1670801287
1527447059
775726374
1173430767
371366188
18887767
620166756
1973234193
2045013542
654555589
309140132
1688375076
498756673
1608258143
357838787
647423471
1448182558
976718971
1022546768
1481076612
829087905
293491674
1739639540
525255473
64279986
690136056
1327499141
958004289
660715547
382939325
1506623518
2036456889
1649229435
281315035
