233691
709884
1388992
2550219
3083181
3397833
3620420
3824377
3918417
3961411
4915480
5353405
5357052
5794407
6068537
6127110
6848782
7380414
8057649
10597009
10604730
12084974
12193942
12960471
13197149
13666250
14339220
14384294
14626029
14686316
14722425
15067592
15268907
15269366
15413428
15727475
15919198
16532508
17778660
18063172
18098215
18887767
19532456
19690172
19836833
20719507
21196483
21642770
22543019
23204613
23522345
23523813
24086011
24149755
24889063
24890754
24984989
25782214
25844672
25923120
26362953
26699076
26849820
26874056
27160861
28113001
28803502
29902948
29991154
30665420
32061663
32079947
32116436
32377694
32523497
32694444
33035537
33269018
33306345
33493384
33609882
33701972
33908838
34895452
35105740
35600859
35608861
35632933
35641644
36651499
38504517
38704437
38800435
39098113
39108134
39836087
40161777
40368768
40424521
41336863
41478345
41631064
41737399
41949057
42028157
42585791
42756654
42778187
43429373
43972467
43996469
45585112
46003619
46627598
47418666
47645999
47689018
47810217
48297496
48332457
49832014
49924200
50201363
50945676
51585007
52563742
53222519
53401477
53841334
54421051
54555670
55956676
55998875
56831693
57626739
58119316
58529285
58691335
58706450
58743506
58807011
59149667
59179198
59266760
59838151
59936051
60160798
60508604
60662282
61734352
63239378
63275242
63697146
64279986
64368467
64581782
64593941
64785940
66553314
67072746
67503209
68799589
69032413
69077120
69139092
69670557
70323179
70564734
70638619
71420682
71551175
71910366
72556061
73263676
73390270
73723795
74676527
74897915
75373913
75674821
75723066
75773284
75953781
77775694
78187405
78589341
79118344
79212407
79284354
79618467
79662477
79888214
81560100
82661991
82945779
83372151
84082552
84153376
85112404
85396401
86098692
86350374
87514636
88453802
88524005
88725260
89453959
89878979
89960920
90540254
90589227
91916744
92871076
93660406
94002930
94403528
95199004
95472520
95568178
96536209
96564767
96916105
97302996
97443696
97769251
97816731
97847574
97904798
98699740
98855742
99101290
99109671
99151203
99463127
99581070
99866148
99922160
99999113
100014138
100544942
100644452
100735027
101738001
102225396
102251099
102574396
102736504
102830575
103077499
103437833
103986917
104229315
105114318
106356924
106382769
107150763
107585796
107880781
107890253
107898257
108141126
108514256
108874763
109217660
109261219
109902513
110554020
111371131
111823343
112845283
113278123
113580737
113929889
115237477
115432166
115676937
116528932
116621488
117049272
117130807
119645741
119831552
120393988
120651540
120704552
121332269
121701697
121728842
121895960
122759645
122815945
122938386
123032658
123232155
123795752
124423887
124596306
125002699
125072843
125424728
125954427
127041602
127344109
127812634
128091309
128120333
128509908
128649448
128858292
128914276
129034123
129168235
129448795
129558009
130167644
133916452
135750393
136117980
136217658
136414952
136454914
136868569
136941361
137087014
137328193
137415569
137849694
138142939
138398282
138952036
139288981
140068970
140559995
140670144
140676175
140713388
141170298
141428117
142742456
142984333
143586421
143645703
144294003
144343230
144562872
144567736
144780988
145267559
145503135
145716328
145846478
145948600
146465617
146662886
147721324
147830804
148467289
148605379
149121081
149530748
149642355
150738492
151089737
151357710
152602231
152609200
153936821
154014073
154042666
154183494
154719644
155489185
155982848
156070168
157548899
157719786
158206188
158240484
158498932
159201495
160191851
160382382
160821741
160951608
161042333
161193978
161418400
161509016
162995209
163145288
163326774
163684880
164263999
164525887
164622030
166540190
166970152
167336976
167873785
168746525
169846802
170003506
170746662
170995917
171188015
171481664
173134435
173432065
173644386
174802422
174988276
175289116
176295859
176923101
176946339
178287475
179355904
179542714
179762921
179974975
180186742
180288139
180721605
181098456
182965496
184386733
185776843
186532931
186682742
186970738
187037688
187548028
187807666
188247035
188281116
188408779
188496822
188718796
188963996
189455508
189512784
189737469
190658510
190836674
191229819
191820506
191949769
192977402
193019797
193130865
193358235
194054418
195019491
195347707
195494436
196376008
196524212
196629139
197100181
197368492
197893079
198657997
199679292
199836584
200420091
201299085
201432494
201658014
201726414
202283972
202937181
203217224
203535208
203634223
203690726
203885568
204048439
204647761
204651427
204886411
205849270
206536720
206726545
207544615
207750087
207941646
209264077
209464207
210190872
210826192
211014636
211061861
211131516
211264152
211558730
211594670
211667503
211731738
211766484
212090853
213863772
214020589
215896347
215929399
217180357
217720228
217941333
218011077
218086426
218358518
218629570
219009274
219242965
219382750
219433861
219850992
220163693
220911259
221097456
221379510
221735927
222397616
222504346
222814777
223142270
223175575
223988009
224058802
224737037
224977979
225104951
225474427
226335100
227498923
227868981
228247214
228459108
228951679
229090395
229137907
229468147
229921342
230001319
230087641
230624441
230901804
232056730
232633587
232847511
233097446
233160529
233184173
233256392
233901680
234197809
234820224
234906179
235669097
235686015
235909907
236363906
236499831
236795029
237966336
238611538
238763891
239721834
239914215
240548837
240568825
240664428
241667495
242211438
242630152
242828004
242837289
242870569
243768311
243801566
243961183
244544783
244673504
245531717
245773831
245998453
246176707
246290332
246601184
247215865
247272935
247589420
247786494
248065176
248329788
248672470
249144520
249802365
250329005
250336713
250644332
250820901
251125710
251326909
251604828
251822113
252262888
252584361
252912131
253606322
254812894
255006292
255248386
255308019
255542937
255750244
256327171
256365685
256893359
257515010
258572062
259183125
259870274
260983579
261564359
262090201
262142554
262407402
262514976
263511487
263676317
264012782
264165250
264301442
264377802
264728474
264743179
265699018
265759338
266645705
266842666
267700869
267711746
268041366
268710126
268947393
269610647
270067373
270309215
270741848
271095580
271265636
271410524
271993173
272070679
272450912
272693606
272994153
274416936
275931072
277121317
277310387
278207617
278407812
278519398
279848086
280062778
280595545
281315035
281496854
282415272
282834950
283503806
284979494
285907586
286244663
287043490
287304845
288155028
288171208
288311328
289146294
289550125
289594055
289734617
289738626
290441606
290801481
290916194
291350229
291541941
291609764
292183326
293082983
293145620
293420437
293491674
293545684
294211783
294495273
294874672
295668785
297019220
297725316
297730839
298700513
299065542
299566500
301273732
301718176
302607127
302937133
303404876
303547747
303563999
303716491
303780324
304973290
305208191
305581650
305719289
306356159
306592380
306677132
307053396
307821511
308192219
308740241
308793021
309140132
309175784
309757153
309868146
310076339
310997664
311499478
311730642
311998525
312079758
312119063
312153347
313125532
313349215
314209922
314803075
315042528
316561790
317348621
317390038
317407883
318641712
320920907
321013592
321580206
323328274
323462666
324601565
324632461
324891903
325491317
325566863
325809362
325980611
326294896
326658538
326711387
327333784
327515581
328444047
329602975
330177907
330685079
330703571
331174451
331552507
332894287
333184502
333503031
333829963
334014908
334589201
335754874
335985482
336904522
337410468
337475836
337748197
338236892
338535941
339195610
339295588
339738794
339807950
341008220
341685792
341712890
341905361
342218648
342506205
343570996
344062386
344320631
345098699
345805095
346408248
346734295
347259127
347413012
347546776
347674420
348323144
348415716
348861310
350088373
350346472
350782559
351931163
352800389
352907128
353083676
354398936
355655615
355819764
355868928
356044905
357122443
357838787
359973778
360065922
360176653
360345278
360619653
361635135
361682922
361866039
362409679
364731352
364918974
365279622
365428512
367424019
368969118
369139673
370396622
370823220
371366188
371547558
371820534
371823134
373404533
374266383
374368550
374499802
374843884
375410596
375411190
375553348
375616552
375821569
375988117
376241940
376595945
377313853
377818331
378269142
378313865
378488904
378850854
379232075
379255518
379890516
380385526
381840818
382426335
382939325
383091280
383772954
384633333
384880926
385234462
385284424
385748525
385763841
386085208
386409615
386608796
386639294
387115633
387192885
387389815
388308317
388670075
388854882
389033062
389185266
389210733
389802388
389915321
390465932
390996040
391232070
391484360
391541489
392364388
392663223
393192297
393754659
394208635
394216379
395381720
396150333
396667379
396750098
397443099
397636701
397663310
398034525
399369085
400074410
400438929
400471960
401091886
401219375
401431850
401504440
401797779
402362773
403031512
403518794
403616884
403867275
404123789
404727635
405499727
406046295
406266065
406388865
406717525
406915042
407348606
407888875
408360877
408595556
408831748
409109850
409704064
410325547
411665581
411773147
412583870
412759587
412833605
413453644
414355798
414397880
414671474
415010640
415212535
415345360
415537878
416753896
416929691
417068058
417609619
417690169
419283751
420327087
420678406
421041618
421195200
422549321
423297323
423766912
423989930
424761403
424860728
425852639
426651081
428474199
428820442
428853032
429084590
429415540
429547495
431374767
432352449
433044416
433177916
433309720
433357017
434225725
434579895
434763195
435197063
435748645
436572874
436928207
437993807
437998361
438563957
438832373
438845079
439229529
439340910
439496096
440549457
440666877
441139529
441946029
442109603
442119527
443192532
443537483
443827014
444624272
444636824
446398800
447543600
448288980
448300113
448387380
448651705
448868125
449025393
449541097
449549728
450831045
450998900
451631780
452281312
452792622
452847978
453528925
454846932
455536182
455736000
456165889
456187679
456530217
456551617
456571082
457212162
457930113
457998721
458327150
458361343
458776811
459315002
459998940
460490325
461387995
461393843
461801349
463620267
463682230
464022513
465462078
465736089
465746567
466883086
467148327
467150449
467559599
468674803
469486999
469738580
470216945
470368675
470748213
471381052
471617399
472385092
472534140
473488507
473726172
474193949
474574220
474906241
475020443
475722347
475807451
475965815
476121131
476637481
476671703
477473459
477998251
478295319
478358138
478493025
479737788
480461960
481348513
482262674
482510873
482958637
483269426
485392754
485907452
486547887
486880023
487144514
487150520
487771444
487835019
488145235
488156056
488398428
488507628
489288527
489307385
489745659
490136189
490231639
490621470
490777563
490904181
490935062
491062802
492509402
492809723
492825586
492826914
493278522
493391582
493483320
493846649
494036430
494044271
494170190
494278894
494332399
494870859
495211806
496038995
496264374
497940048
498756673
498850761
498851205
499014498
500224147
500334078
500452599
500554874
500774822
500829361
500882844
501219904
501454680
501576629
501885792
501899893
503989040
505077435
505359832
505773772
505906503
506264483
506654732
506980315
507239166
507449596
507458934
507862449
507928007
508454046
508635188
509071575
509189334
511062450
511155178
511276363
511406276
511950331
512078046
512801867
513297811
513897152
514304522
514429615
514762594
516028023
517891957
518773701
519260276
519740373
520187142
520212713
520346081
520364144
520946848
522278622
522704971
522881612
523073327
523283284
523309233
523329159
523392683
524837487
525255473
525820508
526166348
526271689
526353110
526430409
526503744
526971409
527488798
528201935
528263068
528755904
528861431
529609643
529616548
530261816
530424588
530583931
530631857
530637111
531729631
531981545
532848009
533561541
533712394
534619190
535278587
535423509
535668629
535991043
536423221
536557479
537525273
537978874
538215774
538282622
538697744
538898553
539358151
539366648
540263339
540348825
540458538
541370500
541484113
541847299
541994475
542000239
542207863
542484227
542613504
542886721
543489288
545214818
545400447
545701422
545959820
547271676
547697325
547742828
548027334
548684866
548795129
549043597
549583138
549853395
550679820
551038003
551552930
551659069
551919085
552531952
552572318
552744670
553161442
553421748
553825539
553979737
554045282
554252107
554350803
554391924
554431345
554629224
555751280
556057258
556741496
557223994
558361017
558375235
559048323
559271548
559368107
559860874
560002801
561036236
561061933
561241788
562406832
562547355
563583663
563789677
564137197
564246402
565657309
565807711
565936338
566039145
567204112
567296389
567715057
568354387
568598695
568784454
569057329
569337186
569565643
569807877
570114128
571307842
572683480
573135962
573251147
573650818
573966899
574245254
574307932
574521292
574565230
574710362
575461143
575755694
575811674
575860824
576759002
577024270
577363359
577550606
577824474
577978839
578130938
578245338
578698301
579005197
579448562
579601637
580175579
580725086
581573152
582396712
583728549
583745314
583966732
584223335
584350428
584498560
584906096
585602979
586116434
587022828
587658859
588383459
588422816
588897419
589342583
590273142
590526580
590643741
590823706
591147787
591765778
593062214
593534883
593950792
594625680
594845051
595159074
595524841
595575641
595661537
595877233
596324426
596888488
596917844
597208819
597602319
598003879
598011148
598231367
598517034
598917656
598953485
600195508
600202529
600373545
600882565
601064331
601431227
603007930
603413664
603421223
603669073
604038832
604200160
604660390
604868139
605012581
605909459
606596728
607063717
607538502
608236492
608256516
608436759
608613067
609224392
609498332
609522696
610219371
611133630
611907325
612085004
612422096
612938264
613945726
614064774
615206925
615228180
615854533
616272048
616280735
616753079
618288624
618545792
619492685
620014263
620166756
620186306
620517023
621196855
622013831
622619892
622923899
623142768
623230166
623577409
623679232
623859412
624500286
625839223
626462487
627523336
627943391
628573130
629920583
630246789
630409946
630552230
631402411
631949383
632556457
632568563
632996307
633157121
633189336
633946677
634248448
635506777
635580401
636704503
637002322
637214733
637271530
638090071
638393825
639048565
639152188
639450281
639689848
639743666
640637132
640826969
641110559
641148384
641964496
642621380
643491753
644027272
644590360
645527239
645837930
645927978
646130081
646979069
647382218
647423471
647794352
647813689
648053361
648395053
649667370
651250416
651493928
651912936
651965721
653086241
653433282
654090144
654180278
654534424
654555589
654941425
655140651
656582444
656727677
656761033
657006015
658016732
658078832
658132659
658534623
658835589
659098640
660299482
660715547
660776755
661374376
661381233
661566401
661808309
662138320
662339093
662791469
662846893
662934257
663482412
663530594
664218077
664242174
664259769
664582905
664802174
664938556
665150153
665585981
665891904
666446934
666795126
666960029
666987044
667058596
667232357
667445205
668102205
668251033
668500136
669645973
670487280
670645482
671119353
671779417
671952695
672428504
672653492
673183610
673294282
673851400
674528742
675712392
675794016
675983214
676084885
676147009
677108767
677666962
678033555
678818283
679834543
680812673
681012892
681035094
681162925
681766485
681984935
682556541
683573776
683737508
684207243
685532535
685676633
685841395
686170091
686365858
686590098
686671233
686759177
686765789
687012406
687426453
687477490
688258294
688674082
689287440
689547319
689604008
690136056
690252349
690576220
690818150
690831118
691272102
691325540
691534407
692037071
693343125
693415121
693794098
694408858
695161979
695324077
695448031
695496049
696386797
696533513
696997373
697176068
697598394
698565284
700084893
700788581
700788783
700888537
701023397
701248413
701351342
702118563
702269234
702286310
703076193
703169148
703252226
703388478
704293283
705009592
705602238
706002080
706268420
706450230
706819896
706965414
707101070
707104994
708259118
709133718
709348589
709711090
709789484
709886663
710050291
710536731
710928020
711173263
711502927
711795782
712054521
712196219
712472030
714709350
714890017
715242878
715444425
715732764
716747480
717580157
717910450
717968365
718128929
718408803
719195805
720064970
720567374
721023253
721148039
721513450
721736246
721922321
722666158
722787347
722826266
723161188
723360058
724239976
724484776
724910924
726101001
726156956
726165563
726478332
726570362
726725221
726733115
726817333
727567639
728454081
729452560
729562655
729936093
730895206
731518124
732255444
732857556
733574266
734754288
736229563
736891450
736963184
737516110
738008564
738173406
738404136
738453375
738469776
738961531
739194904
739868521
740583778
740749854
741210602
741502822
741695710
742134392
743107381
743186138
743217815
744007412
744009771
744424518
744431742
744826004
744862495
744986705
745675867
745926197
745938375
746720088
746774122
747152252
747610105
747699929
747708434
747983173
748647303
748927903
749168735
749208939
749592849
749709594
749797734
749804004
750048007
750127150
751487752
751581310
752225223
752829889
752966084
754071488
754402465
754608772
754828288
755507826
755751167
756049265
756407187
756909257
757379552
757450693
757751743
758660889
759166167
759173193
759726939
760055424
761407707
761432689
761711646
761868234
762877176
763441468
763599957
763971207
764287899
764564489
764805034
765496466
765884667
766159180
766266341
766712279
767845902
768123027
768771386
768963159
769323435
769676816
770995803
771056965
771333750
771423564
771828431
772235197
772882627
773180587
773233278
773348805
773486491
773868930
773916471
774138570
774332711
775338601
775726374
776351364
776493548
776916795
777627570
778741583
778746684
778775786
779316244
779754745
779961451
780425279
781124373
782375788
783993213
784151163
784853282
785048233
785468153
785656961
785659672
787370214
787458065
787900101
788106931
788568568
788907579
789555658
789670665
789945574
790011156
790396576
790657150
791135848
791474460
791861836
792226736
792352786
792818748
793039259
793175048
794156596
794361632
794804478
795106151
795220772
795666220
796215362
796621796
796796647
796934852
797081016
797219217
797873588
798029771
799354572
799378305
800007106
800208142
800543099
801122348
801827698
801928011
803933983
804255140
804689623
804697775
804714256
805118321
805295003
806258866
806708009
807507788
807791771
808733667
808923373
809695523
810758576
810844525
811026723
811785036
812147568
812738943
812801516
812971380
813004534
813446970
814391032
815072792
815091466
815263446
815550794
816525173
816813363
817434000
817530187
817867457
817875304
817884465
818360546
818589921
818622447
818953640
818965883
819594016
819645173
820324198
821416395
821669486
822542802
823896215
824134754
824214290
824818566
824874656
825296540
825795379
827907542
828205606
828562490
829087905
829500575
829714158
829812669
829849403
830254598
830285063
830329368
831016082
831416057
831581310
831837538
832142843
832547403
834014854
834183525
834313084
834469932
836109727
836568498
838183189
838293474
838421985
838989333
839033712
839062076
839176235
839285716
839468305
840588538
841614619
841624902
841692184
842035434
842233372
842867195
843080515
843327746
843376997
843837454
844141266
845870424
846095824
846307747
846331121
847376761
849134748
849223811
850340243
850651924
851050482
851258492
853171323
853215888
853522576
853554011
854792311
855578324
855725373
856211958
856588214
856931726
856985807
857959012
858061774
858604704
860638319
861061673
861190842
861583864
861681502
861860144
861865100
861891532
863051872
863191346
863336430
863541139
863980214
864112263
864738136
864804046
864845456
864933715
865230479
865627689
865835341
865980917
866918014
866999296
867281729
868171390
868463621
868723592
868932184
868952716
869222519
869736841
869889711
870334550
870803462
870981604
871036637
871741907
871864768
872371132
872518459
872794671
876183777
876663226
876910526
877124814
877211765
877413607
877478789
877764173
878382590
878627532
879111956
879364532
879380037
879574744
879796030
879989673
880165203
880284830
880458981
880462907
880555327
880784401
881644870
882695180
883393421
884410428
884691756
884852353
885617884
885643925
885894864
887486755
887846031
887848659
888099625
888778264
888783512
888924829
889155598
889258742
889665352
890014307
890685435
893157966
893507122
894097823
894128047
894422867
894624050
895881590
896304870
896729223
896787628
896803828
897092324
897356121
897568276
897891029
897950424
897981844
899294988
899335595
899806073
900192211
900322603
900426701
900673427
900815523
901861118
902289696
903078252
903608813
904332099
904597019
904612662
904763142
905019110
905512860
905622769
905743059
906936964
907536393
908173006
908424808
908643593
908681630
910311573
910720883
910849535
911391949
911670626
912228339
912356897
912824834
913030557
913458737
913963755
914195853
914414910
914662136
914953313
915036133
915338761
915471223
916108769
916781627
917831950
917985905
918659588
918846854
918922131
920309727
920467517
920495544
922206330
923240558
923351051
924233709
925511066
925697825
926564081
927874987
928818561
928949946
929415676
929481769
929960181
930036573
930417197
930768810
931623290
931652760
932475885
932596736
933388514
933692271
934503213
934590533
934596647
934916332
934963022
934968168
935032920
935700492
936287984
936594436
936873405
937209764
937613838
938572496
939199695
939615919
940158661
940638108
941124627
941486569
941647597
941666759
941844203
941854151
942184807
942749954
942853180
942917072
943439484
943953666
944107798
944257052
944375945
944815677
945512066
945862907
945891399
946335878
946459936
948013681
948838930
949018319
949514829
950411962
950662221
950936505
951453674
951529640
951715848
952153858
953028369
953947623
954307646
955050689
955975172
956133845
957267068
957319062
957518864
957922136
958004289
959493096
959807086
960118530
960164172
960930499
960996202
961322966
961358963
961911449
962428882
962458021
962648108
962814672
963042413
963210090
963614614
964040876
966615005
966689774
966725119
966993987
967679304
967727342
967899728
968337765
968895578
969618321
969765971
969779715
970043432
970527444
970644999
971061390
971755849
972085410
972139416
972333576
973790735
973967388
974775908
974781983
974859892
974959692
975367205
976718971
977009234
977042757
977751042
978291587
979176891
979690931
979857716
979922775
980500832
980739124
981172354
982891845
983091932
984172006
984434387
985049829
985213981
985532973
985815571
985830660
986287858
986359465
986487863
986655184
986842337
987073505
987584297
987935829
988365650
988985785
989387329
989647151
989917934
990562308
990913155
991236138
991418917
992905290
993159584
993226888
993993586
994990142
995094725
995333487
995563293
995791958
996718866
997553882
998463744
998483108
999041990
999183804
999294898
1000083006
1000723223
1000835351
1001087301
1001238858
1001579447
1001644043
1002742492
1002774732
1002993729
1003348185
1003610109
1004114592
1004825765
1004982808
1005114804
1005542540
1005604374
1006591394
1007004062
1007485824
1007985900
1008113841
1008565064
1008777416
1009144444
1009612177
1009838879
1010065826
1010092443
1010208684
1011123403
1011277599
1011706330
1012064675
1012934110
1013126918
1013595514
1013651169
1013739787
1013808027
1015166693
1015460212
1015766050
1015773312
1016011761
1016030821
1016437252
1016560179
1016662106
1018287640
1018639693
1019097335
1019260691
1019651809
1019748680
1019849414
1019979601
1021086279
1021701435
1021734905
1022546768
1022846741
1022979927
1023555476
1024416028
1024766176
1025097487
1025431600
1025675279
1025831572
1025833776
1025935559
1026820720
1026879123
1026972092
1029067803
1030111441
1030882451
1030966488
1031082246
1031548998
1032849097
1034785585
1035106167
1035225992
1035563845
1035601781
1035912115
1036158977
1036454014
1036722471
1036827393
1036893380
1037627567
1037838306
1038186683
1038442413
1038840380
1038918053
1039921522
1040470870
1040993863
1041235457
1041241447
1041765088
1042049011
1042545836
1042688187
1042735565
1042820025
1043351204
1043504600
1043949769
1044307326
1044747599
1044764300
1045447016
1045613429
1045645790
1045657177
1046248440
1046286067
1046726065
1047329911
1047335604
1047427871
1047599973
1047853013
1048542641
1049218454
1049364234
1049537980
1049875211
1049926621
1051022464
1051768187
1051863220
1052331402
1053068573
1053667674
1054186058
1055182818
1055724334
1055820331
1056078508
1056290378
1056547921
1056703087
1056898874
1056964551
1057588165
1058332793
1058494422
1059946659
1060793141
1061841493
1062045799
1062189326
1063216625
1063252465
1063667136
1063927132
1064095950
1064491877
1064623606
1064748173
1065665361
1065671925
1066006075
1066096226
1066485620
1066876484
1067065585
1067859675
1068034523
1068175937
1068447416
1068606871
1068869721
1068900019
1068999322
1069017285
1070401680
1071054054
1071808717
1072116276
1072556443
1072662607
1073192696
1073335051
1073698953
1073994823
1075394801
1075495489
1076085127
1076435263
1076896964
1077017861
1078484609
1078744027
1079582702
1080196336
1080659077
1081020478
1081157308
1081535928
1081543913
1081682567
1082522089
1082968537
1083507729
1083989555
1084371660
1084498825
1084664830
1085558103
1085688271
1086206946
1088373800
1088699532
1088931732
1089157802
1090102370
1090181805
1090705797
1090837557
1091073129
1091249007
1091594075
1092692817
1092859968
1093367918
1093803795
1094222202
1095082551
1095213348
1095492691
1095638476
1095802659
1096042218
1096273726
1096463733
1097209470
1097647996
1098388534
1098932350
1099215524
1099267600
1099650738
1100874365
1101418248
1101484168
1102432552
1102521889
1103014193
1103763248
1104431666
1104659226
1105366670
1105460556
1105615756
1106300925
1106910889
1106982358
1107249091
1107355417
1107409324
1107610361
1107968533
1108035261
1108505621
1108871589
1109381710
1110234513
1110551188
1111036052
1111638034
1112227941
1112484661
1112820990
1113281717
1113960177
1114379451
1114488811
1115141753
1115249096
1116090867
1116391185
1116653146
1116775068
1116972149
1120408127
1120876075
1121170792
1122842651
1122875554
1123095670
1123650512
1123771640
1124006322
1125134844
1125172404
1125199723
1125531009
1125702024
1126064938
1126442387
1126456649
1126506613
1127778576
1127846689
1127876712
1128404045
1128446591
1129413113
1129694900
1129835193
1129937185
1130096085
1130827703
1130949247
1131185315
1131414202
1132077673
1132717953
1134832913
1134931963
1135834158
1136366728
1137320703
1137544960
1138119192
1138643962
1138750814
1139060865
1139548628
1139740643
1139846028
1140086960
1140160304
1141216657
1141387664
1141734949
1141911831
1142358216
1142633113
1143407308
1143571175
1143623205
1143994007
1144673798
1144837734
1145111186
1145422839
1146161193
1146459823
1147105892
1147703571
1147964955
1148441418
1148788074
1149319870
1149326107
1149743940
1150324036
1152676713
1153199656
1153215912
1153771194
1154757082
1155220441
1155461714
1155761650
1156209546
1156602259
1157424288
1157696537
1158035826
1158410027
1158723955
1158788307
1159726859
1160338945
1160953285
1160960390
1160979032
1161537689
1162341223
1162627819
1162702594
1162988046
1163282263
1163515954
1164470400
1164766651
1164854812
1165273976
1165356442
1165940291
1166865994
1167181857
1167552837
1168108993
1168404080
1168686018
1168687828
1168737938
1169135110
1169635761
1169723132
1169757463
1170214102
1170637079
1171336490
1172168917
1172645092
1172936227
1173430767
1173735328
1174477025
1174929320
1175161055
1175415626
1176366446
1176672438
1177373782
1177455005
1177624458
1179831206
1180767240
1181885355
1181942453
1182010048
1182297763
1182499447
1183082779
1183769513
1184000649
1184044996
1184057498
1184376100
1184738360
1185042566
1185065945
1185117137
1186143476
1186897469
1187989826
1189429044
1189443583
1189659018
1190159161
1190631089
1191662620
1192004000
1192022150
1192259911
1193258884
1193743492
1193767540
1193768170
1193867951
1195145781
1195363144
1195764084
1195992830
1196633810
1196910967
1197261848
1197423109
1197505054
1198229232
1198885163
1199078156
1199461621
1200594647
1200770419
1201024351
1202577041
1203459417
1203591250
1204735032
1204936909
1205003019
1205532531
1205728653
1205785452
1205827494
1206280977
1206472895
1206908366
1207157963
1207230007
1207619123
1208599284
1208707264
1208745745
1208904171
1209016907
1209027896
1209042265
1209209587
1209591281
1211220360
1211233939
1211862158
1212296864
1212339403
1213132648
1213503484
1213737883
1213979378
1214054100
1215195250
1215481541
1216749440
1217929001
1218092149
1218314769
1218317803
1218331971
1218428078
1218959086
1219094679
1220073921
1220606647
1221208077
1221447104
1222304849
1224287141
1224371632
1224447383
1224701648
1224865481
1225085536
1225306293
1225844623
1226030819
1226255891
1226658658
1226753737
1226927889
1228423655
1228433053
1228534694
1230020777
1230236493
1233241918
1233687264
1235514743
1236627180
1237157530
1238770483
1239119799
1239788204
1239953544
1240159414
1241122140
1241402501
1242116331
1242342679
1242653819
1243211474
1243687261
1243949290
1244233940
1244443017
1245071038
1245869244
1246456092
1246862428
1246884454
1248021689
1248356515
1248983304
1249995497
1251168038
1251750947
1251949197
1252038264
1252095468
1253021740
1255067257
1255960292
1256076085
1256369914
1256430478
1256633438
1256902145
1257075487
1257156828
1257245592
1259000403
1259023004
1259676416
1260948462
1261713735
1262567129
1262725152
1262984538
1263598127
1263977009
1264136133
1264786149
1264928948
1264977262
1265412064
1266614208
1267345097
1267416427
1269022439
1269523557
1269714375
1271526061
1271694261
1272403178
1273516893
1273852256
1273858926
1273941130
1274491538
1275430177
1275552856
1276186185
1276773662
1277036489
1277438885
1277536963
1277620712
1277833442
1277906464
1277906524
1278060202
1279740542
1279996140
1280042112
1280183933
1280615435
1281323493
1281634287
1281759531
1281822284
1282391698
1282434429
1283992192
1284120696
1284274628
1285250330
1285407966
1285868844
1285889552
1285994935
1286104536
1286135411
1286312124
1286620032
1287963927
1288016857
1288102471
1288306816
1288818353
1289321709
1289909510
1290075956
1290257584
1290451965
1290706775
1290749262
1291087614
1291251206
1293000386
1293586208
1294117940
1294718110
1295025666
1295880079
1296510186
1296857405
1297069341
1297281062
1297451566
1298378092
1298407396
1298709915
1299056363
1299189659
1299464319
1299761712
1301483023
1301539027
1301566892
1302039851
1302637044
1302770097
1302803782
1303150191
1303225529
1303627215
1304350959
1304497373
1305430918
1306229950
1306419312
1306673594
1307345750
1308354150
1308889841
1309484367
1309639229
1309891905
1310521516
1310973261
1311515856
1311696361
1311946322
1312210156
1312335728
1312741993
1313482515
1313960510
1314145709
1314506000
1315691891
1315893588
1316334135
1316594495
1316900609
1317270262
1317967606
1318728549
1318938201
1319192155
1319374908
1319516268
1319561501
1319577578
1319816933
1319822979
1320435208
1320563989
1320696743
1320705045
1320903355
1321136811
1322017621
1322110984
1322123652
1322249650
1322581216
1322714697
1323276012
1324247424
1325140312
1325374317
1325465532
1326256737
1326595024
1326840066
1326943907
1326953537
1327499141
1327838280
1328558318
1328803866
1329643878
1330700583
1330868095
1331601457
1331630169
1331784787
1331909234
1332495313
1333179350
1333199646
1333782170
1334296157
1334347009
1334592512
1335436482
1336369760
1336405064
1337609763
1337771225
1337794185
1337902383
1337994534
1338243850
1338324177
1338565124
1338981531
1339034501
1339174531
1339389080
1339745361
1339767611
1339824551
1340232044
1340255014
1340616551
1340941928
1342352996
1342743822
1344520904
1345969257
1346037917
1346130437
1347547372
1347986087
1348676991
1348729986
1349705823
1349775702
1349868180
1350418382
1350821620
1352155880
1352598648
1352838685
1353418271
1353488252
1353650176
1353830567
1354188086
1354251062
1354417524
1355711020
1355894765
1357722744
1358120528
1358583958
1358879412
1358990668
1359097308
1359259439
1359412580
1359786394
1360679349
1360983304
1361328890
1361331747
1361709612
1361748625
1363902401
1364515337
1365111795
1365249123
1365674687
1365735585
1366322735
1366454111
1366455020
1366553369
1366705034
1366943779
1367060106
1367086965
1367226692
1367529955
1367855942
1367934054
1368314586
1369019185
1369114209
1369581404
1369959491
1370080616
1370588822
1370645481
1370995625
1370999590
1372209308
1373577226
1373720486
1374044607
1374668044
1374832129
1375298548
1375534996
1375814446
1375862153
1375963853
1376326930
1376962093
1377360709
1377617299
1377817453
1377862641
1378605144
1378943338
1379618652
1380243309
1380433442
1381075350
1381391468
1381599855
1381723932
1381814022
1382349966
1382547862
1382555027
1382758919
1383019222
1383579718
1383667265
1383981821
1384471268
1385316666
1385445438
1385454086
1386109223
1386523282
1386789659
1387107892
1388064283
1388658830
1389342192
1389560351
1390549188
1390582451
1392747442
1392772899
1392816090
1392927456
1393071175
1394099264
1394248809
1394620876
1395875673
1396728621
1396751833
1397418371
1397544592
1397630431
1397779058
1397974213
1397994595
1398431699
1399179776
1399331183
1399608927
1399760602
1400882929
1401660787
1402861937
1403159065
1403530256
1403641353
1404592174
1404991744
1405283477
1406175438
1407876566
1408502700
1408930600
1409075254
1409414618
1410208240
1410576776
1411492820
1412079816
1412447397
1412668142
1414217963
1414399562
1414518698
1415131640
1415417984
1417059996
1419002251
1419089952
1419806936
1420473684
1420798340
1420832711
1421163601
1422432748
1423106110
1423383811
1423475371
1423690618
1423743093
1424335223
1424691086
1424983307
1425115802
1425926102
1426192060
1426640082
1428123118
1428215088
1428527442
1428921882
1429077990
1429106785
1429216602
1429576281
1430021114
1430131336
1430397761
1430523415
1430698732
1431239146
1432500644
1432874997
1432997428
1433230359
1433366390
1433613124
1433685243
1433755222
1435300358
1435476813
1435782154
1438407596
1438541195
1438632208
1439237736
1439604506
1440169072
1440433347
1440477501
1441466237
1442234530
1442307737
1442392031
1443148103
1443204776
1443400166
1444009461
1445767950
1446827600
1447166680
1447618220
1448020678
1448182558
1448533664
1448726565
1448772863
1449874926
1449932664
1450100405
1450768929
1451206574
1451451570
1451698299
1452236186
1452508608
1452638103
1452846632
1453165151
1453702602
1453725643
1454534122
1454972169
1455386418
1456024386
1456794633
1457040813
1457360320
1458732399
1459752095
1460252280
1461315814
1461881275
1462048105
1462628106
1462872798
1463440149
1463767901
1463854448
1464096407
1464501331
1465186257
1466511929
1467376504
1467819088
1467907469
1468386370
1469537561
1470800960
1470899014
1471392893
1471436373
1472083680
1472648860
1472939918
1473074248
1473129603
1473499003
1473813545
1474081344
1474695722
1475161393
1475777381
1476018779
1476790468
1476841775
1477020605
1477634274
1478338635
1478339834
1478649428
1478650235
1479270094
1479528607
1480095647
1480132179
1481076612
1481474606
1483292087
1483598542
1484234067
1484341620
1484445009
1484449057
1484571468
1484575274
1485102690
1485781932
1486146884
1486165604
1486238749
1486739115
1486928772
1487060945
1489135774
1489318857
1489544548
1489733654
1489947743
1490608028
1490819852
1490829162
1491262323
1491300305
1491482400
1491950100
1492234357
1492706845
1492730512
1493047702
1494411520
1494555161
1494577791
1494934896
1495915712
1496403792
1496553061
1496602198
1497058848
1499811835
1500359640
1503520068
1503557137
1503994636
1504170259
1504257271
1504291352
1505326279
1505676929
1505763222
1505989509
1506623518
1506782988
1507246472
1507260630
1507797409
1507867931
1508019968
1508114052
1508410319
1508813503
1510453817
1511188322
1511824095
1511890594
1513346726
1514087308
1514121819
1514298096
1515667382
1515742042
1515967316
1516238323
1516821943
1517014586
1517708995
1518777615
1518869977
1519386151
1520025207
1520566399
1520628042
1521538050
1521770325
1521806165
1522041176
1523383527
1523417648
1524028609
1524063175
1524913336
1525152119
1526536429
1526557401
1527074693
1527257512
1527447059
1527687041
1527770465
1528106524
1528164454
1528408715
1528524651
1528569751
1528588609
1528768863
1528770089
1529923308
1530036323
1530441777
1532362539
1532366482
1532663433
1533205156
1533488934
1534465805
1534910753
1535187321
1535459408
1535537327
1536057557
1536106942
1536262356
1536270996
1536733619
1536819364
1536987466
1537497364
1537566647
1538213961
1538849164
1539280268
1539371168
1539420819
1539495288
1539699920
1539806593
1539824435
1540059426
1540100347
1540999764
1541213044
1542097447
1542242851
1542621799
1542696331
1542873656
1542900433
1544425352
1544793807
1545049526
1545058388
1545133720
1545172908
1545423988
1546578344
1546920413
1547132998
1548872916
1548928998
1549107955
1549240563
1549889700
1550598919
1550940696
1551158379
1551276902
1551414611
1551537292
1551861998
1553671839
1554537621
1554838058
1555011316
1555034970
1555626884
1555967156
1556573646
1557522988
1557754610
1559556012
1559849289
1560023491
1560402865
1560478628
1561353164
1561409911
1563463753
1563605773
1563776250
1564304309
1564703117
1564881670
1565260574
1565669107
1565756866
1565781829
1566089838
1566707658
1566793080
1566999377
1567661255
1568040298
1568562916
1569200995
1569576024
1569601900
1569820193
1569980356
1570016783
1570316249
1571521311
1571702362
1571894442
1571911257
1571990830
1573233030
1573357373
1573580828
1573607459
1573786549
1574074610
1574182169
1574286010
1574381979
1574647747
1574714392
1575388663
1575519631
1575543857
1575768240
1575880334
1575890817
1576037958
1577552700
1577603945
1577851918
1578120661
1579953859
1579968767
1581215093
1582036706
1582181178
1582262543
1582690290
1584414842
1584559070
1585110044
1585513903
1585656299
1586253297
1586609782
1586942352
1587448684
1587465045
1587706795
1587965234
1588338122
1588687551
1588776710
1589449775
1589667840
1589825267
1590321687
1590713186
1591471481
1591563862
1591606039
1591614840
1592335249
1592381946
1593749785
1594664218
1594677766
1595234010
1595625307
1595935829
1596408892
1596482692
1597677134
1598087745
1598396082
1598472003
1598629641
1598683032
1598939027
1599578085
1599746820
1600370986
1600732136
1601883006
1601977851
1602482700
1602540695
1602961831
1603004239
1603318645
1604177657
1604540836
1604874472
1605976075
1606099512
1606429944
1607321547
1607841272
1607884060
1607915838
1607997796
1608258143
1608295903
1608377985
1608524384
1609109592
1609381910
1609566986
1610358335
1610680564
1610804052
1611441771
1612111042
1612339601
1612952582
1613178517
1613295459
1613495902
1613501332
1613846677
1613849875
1614837244
1615046408
1615605564
1615965384
1616402143
1617826305
1618144508
1620502898
1620747038
1621738505
1622005730
1623371500
1623643553
1623776119
1623795184
1624195263
1625072628
1625143373
1626596640
1626725034
1627751756
1627853550
1628043162
1628415330
1628562190
1628913120
1629165682
1629370147
1629386349
1630928915
1632614017
1632854637
1633148268
1633743704
1635643226
1635780964
1636179122
1636230000
1637534333
1638836609
1639191212
1639317924
1639737383
1641081233
1641216120
1641493770
1641517118
1641868191
1641998748
1643618238
1643630124
1644083319
1644532451
1644794707
1645410018
1646326837
1646651168
1647640339
1647981245
1648067903
1648116989
1649074613
1649208131
1649229435
1649974541
1650174080
1650765197
1651547377
1651561125
1651576372
1651581275
1651661560
1652264244
1652640819
1652859180
1653112372
1653227384
1654188846
1654458218
1654749292
1655542950
1656739969
1656786426
1657802986
1658271344
1659004114
1660104920
1660252027
1661321060
1662480162
1662966007
1663678510
1664113923
1664613770
1665764503
1666027349
1666430347
1666868819
1667619769
1668212890
1668978228
1669269693
1670219463
1670801287
1673957793
1676167605
1677054551
1677172726
1677341137
1677644119
1678045654
1679475886
1680229897
1680533440
1680543334
1680985023
1681444702
1681469776
1681547791
1681698113
1681826129
1681993436
1682468930
1683883949
1683931594
1684054372
1684482710
1684712949
1684868329
1686127072
1687910533
1687978847
1688375076
1688399411
1689366964
1690271724
1691133983
1691355362
1692323513
1693598779
1693736720
1693949015
1694042249
1694217907
1694524470
1694979037
1695888448
1696370463
1696992583
1697026726
1697508631
1697780727
1698870841
1698874321
1699405953
1699850591
1700008973
1700379093
1700717766
1701405495
1701520581
1703434510
1703879058
1703902424
1704304804
1704756448
1705064488
1705456941
1705609140
1705966405
1706578432
1707030240
1707237587
1707974574
1708090613
1708731835
1709132335
1709269172
1709476955
1709588461
1709936284
1710211063
1710407907
1710657158
1710939026
1711428434
1711791533
1711942716
1711994498
1712204370
1712311655
1712994061
1713654274
1714147829
1714858344
1715643508
1715706120
1716219555
1716254311
1716452808
1717005296
1718105445
1718256177
1718869164
1719760773
1720221474
1720268154
1720306638
1720361773
1720388398
1720571081
1721272990
1721536035
1721921259
1722015588
1722202109
1722214820
1723030156
1723038912
1723612200
1723622225
1723712917
1725266530
1726048211
1726159015
1726448309
1726958323
1727454120
1727717849
1728576960
1729920277
1729999842
1730316384
1730742897
1732580849
1732608865
1732748350
1733741987
1734287930
1734646511
1734714138
1735110886
1735446292
1735503721
1735860374
1736079817
1737085755
1737972241
1738286551
1738477378
1739014759
1739495082
1739639540
1740435794
1740591718
1740837427
1740952071
1741189535
1741254582
1742188250
1742199014
1742335430
1742965617
1743018110
1743112859
1743306698
1745343322
1745398763
1745589931
1745647122
1745749720
1746676561
1747094630
1747528784
1747945776
1748700909
1749359967
1749404711
1749604108
1749672907
1749981334
1750218534
1750535997
1751560238
1752103621
1752267056
1752612595
1753468089
1753487849
1753657399
1753700460
1754215156
1754910368
1755127276
1755190329
1755901490
1756003974
1756179942
1757167487
1757499167
1757602042
1757803585
1759451353
1760761966
1761111001
1761199562
1761284802
1761704324
1761723382
1761930011
1763059626
1763621754
1763684076
1764071208
1764311087
1764434274
1764487271
1764601163
1765142933
1765290496
1765337149
1765459874
1766042301
1766255694
1766539639
1766797588
1767117937
1767836754
1768108250
1769262999
1770219012
1770641016
1770653172
1771199903
1771287220
1772112673
1772429850
1772545645
1772576184
1773040016
1773602107
1773899209
1774216860
1774906779
1775377191
1775426625
1775742026
1776166718
1776324456
1776464253
1776650446
1777098673
1777234808
1777292694
1777518092
1777783255
1777798302
1778476046
1779779612
1780420875
1780866769
1780985119
1781299245
1782287938
1783004077
1783231944
1783586850
1784609838
1785874484
1786103942
1786319135
1786490579
1786759367
1787043889
1787188426
1787610710
1788073036
1788685794
1788859954
1789289579
1789342565
1789423054
1789503677
1789575511
1789669260
1789877268
1789909446
1789974371
1791437642
1792971775
1792980499
1793568857
1794063437
1794583924
1795410608
1795585357
1796142502
1796328641
1796722798
1796952785
1797067973
1797388560
1797393560
1797666523
1797774822
1797777857
1798417077
1798820716
1798857955
1798943701
1799207574
1799418095
1799995756
1800030094
1800121351
1800125526
1800406756
1800905144
1801027493
1801185004
1801693239
1802153462
1802247843
1802789229
1802814620
1803118490
1803198833
1803226192
1803696792
1804880359
1805952053
1806184950
1806957264
1807323311
1807900688
1808539140
1808682335
1809669736
1811590100
1812300741
1813304889
1813638513
1814009187
1814168258
1814536603
1814749474
1815924666
1816141706
1816246631
1816608418
1816969491
1817037001
1818204000
1818208489
1819426823
1819724676
1819889825
1820795695
1821159556
1821484433
1821703522
1821877540
1822297075
1822646450
1822716317
1822754132
1823188066
1823274036
1823448590
1823563353
1823634302
1824112978
1824329582
1824929743
1825212813
1825555308
1826184293
1826325051
1826366986
1826442663
1826910251
1826971188
1828304839
1828347859
1829189925
1829307526
1829315991
1829756300
1829881854
1829970837
1830348406
1831628797
1832462648
1833915912
1834104831
1834810443
1835433619
1835590804
1835704677
1836294711
1836373346
1836566905
1836574480
1836793728
1836844783
1837243278
1837304586
1837463975
1837796583
1839956156
1840290326
1840378428
1840563756
1840618236
1841439352
1841443293
1841710493
1842582905
1842699821
1842723538
1842915793
1842983723
1843128857
1843279881
1843508384
1844002000
1845022068
1845755282
1845942677
1846427677
1847871298
1848545743
1849015754
1849052539
1849088424
1850444560
1850867910
1851213277
1851326183
1851953471
1853127594
1853419167
1853505184
1854109780
1854725101
1854840018
1855480066
1855543784
1855570039
1857199124
1858212869
1858427434
1858437204
1858615408
1859506947
1859808859
1860927091
1862630979
1862778740
1862879521
1862955474
1863608932
1864014995
1864597812
1864987294
1865578189
1865610340
1866228923
1866745491
1867192686
1868300523
1868504377
1868699084
1869063779
1869143459
1869522500
1869712628
1870237541
1870849210
1871070126
1871330337
1872172881
1872445997
1872638913
1872697520
1872886462
1872908446
1873791841
1873909985
1874429269
1875915348
1876060344
1876819742
1876822180
1877099289
1877918273
1878992398
1879221695
1879683280
1879723062
1879879560
1879879770
1880162945
1880332348
1880869121
1881026098
1881191100
1882083828
1882926136
1883083378
1883225519
1883595205
1883670446
1883988234
1884663364
1886291457
1886676797
1886742909
1887097856
1888254029
1889763639
1890926063
1891007516
1892223046
1892924306
1893053168
1893566470
1894819099
1894840249
1895429886
1895499797
1895875835
1896642162
1897810085
1898564335
1898775100
1898785364
1898976515
1899204177
1899337950
1899544664
1900175894
1901145722
1901552531
1901756186
1902191709
1902255827
1903677618
1904234327
1904242055
1904425220
1905248570
1905306227
1906731500
1906826479
1907294281
1907408246
1907581552
1908052755
1908619513
1908965613
1908976569
1909415407
1909566233
1909697926
1910078735
1910097674
1910133194
1910204734
1910286331
1910452058
1910982540
1911446474
1911613738
1911748776
1912648492
1912841486
1913289572
1913828567
1914634042
1916542678
1916865386
1917489776
1917537193
1918355080
1918397092
1918903182
1918906778
1919031375
1919086134
1919251233
1919666111
1920190478
1921087460
1921171789
1921230728
1921815222
1921887637
1921917775
1922030071
1922238496
1922685985
1922737340
1923252402
1924222610
1924241267
1924467538
1924758103
1925831631
1926187462
1926237711
1926572362
1927144428
1927582281
1927685499
1927845003
1928781753
1929736441
1930185344
1930852057
1931540355
1932092552
1932387844
1932457013
1932555003
1932837457
1933114480
1933664284
1934278105
1934463541
1934626727
1934909997
1935861351
1936454637
1936804094
1937985603
1938697067
1939353504
1939697545
1940429364
1940932168
1941480405
1941775451
1942102647
1942565753
1942737058
1942965720
1943043938
1943319059
1943398922
1944708584
1944759343
1946092920
1946226671
1946853421
1947683581
1947762576
1948240186
1948347544
1948670631
1949045379
1949066542
1949601778
1949968842
1950136790
1950221691
1951054761
1951578021
1951714541
1952126086
1952347273
1953532718
1954028872
1954704151
1954827573
1955034870
1955123419
1955899175
1957806499
1958190718
1959195491
1959434687
1959542995
1960462499
1960894488
1960913993
1961604919
1962002894
1962933412
1963024200
1963245693
1963293766
1964235298
1964359851
1964642995
1965079854
1965087637
1965106629
1965450464
1966174845
1966524806
1966547605
1967439630
1967496684
1967631429
1968252860
1968266471
1968869501
1970252315
1970283981
1970489550
1970557640
1970809684
1970819380
1971606899
1972108505
1972433761
1973234193
1973741779
1974070217
1974436076
1975999938
1976220529
1976970754
1977492435
1977537779
1977567109
1977714734
1977874646
1978421420
1979124768
1979340246
1980126253
1981275895
1981483164
1981597987
1981905860
1982188325
1982406635
1983347542
1983646931
1984400852
1984402699
1984434128
1984711885
1985111671
1985186267
1985713255
1985871530
1986614364
1987627346
1987695066
1987735009
1988348004
1988458023
1988479376
1988554393
1988940484
1989378010
1989384462
1989915720
1990020786
1990723634
1990733562
1991093434
1991194586
1991495423
1991979506
1992441989
1992564050
1992856316
1996343436
1996771309
1996951823
1997108243
1997171405
1997377520
1997388903
1997616813
1997643450
1998221931
1998579115
1998943848
1999007791
1999011509
1999471515
2001011870
2002178260
2002657540
2002756366
2004339219
2004791441
2004896398
2005818854
2006436244
2006544079
2006718303
2006777816
2007362025
2007909521
2007998721
2008021337
2008920883
2009534830
2009779252
2010205305
2010378017
2011033745
2011207645
2011346140
2011896570
2011963144
2012348527
2012555146
2012640079
2013305849
2013515382
2014160586
2014247336
2014689413
2015027254
2015781209
2016832321
2016843458
2017170987
2017304435
2017344698
2017615300
2017704787
2019810634
2019954219
2020817740
2021139742
2021723578
2021910666
2022527935
2022918344
2023317993
2024376774
2024827756
2025693963
2026121940
2027728662
2027789123
2028216873
2029164875
2029305231
2031606459
2031821365
2032354180
2033475514
2033799580
2034578486
2035213675
2035358111
2035447278
2036456889
2036644083
2037369411
2037603222
2038146973
2038958956
2039446962
2039564509
2039827214
2040058402
2040126400
2040144764
2040171914
2040470551
2041391711
2041400370
2042048247
2042463955
2042585656
2042801222
2044109305
2045013542
2045193284
2045492569
2045709729
2045996677
2046968600
2047015827
2047550545
2048204876
2049667404
2049808946
2050650466
2050767818
2052585416
2053168873
2053288351
2054325688
2054341373
2054688557
2054952815
2054983299
2055447726
2055783038
2055974763
2056134941
2056458804
2056485187
2056856445
2057203513
2057700931
2057906741
2058353180
2058672766
2058973419
2059048028
2059489233
2059740029
2059751109
2060324293
2061699714
2061968710
2062023905
2062170525
2062876132
2063507521
2063700553
2063859863
2063918620
2064435134
2065177240
2065219813
2065586911
2066053180
2066055861
2066476922
2066881369
2067208002
2067955287
2068865764
2068889911
2068976457
2069495926
2069806059
2070841417
2071415689
2071556744
2071844924
2071967492
2072318384
2072371936
2072538324
2072622372
2072762704
2072919672
2073020666
2073662857
2073723799
2075306522
2075348841
2075374039
2076306990
2076771676
2077065673
2077119614
2077654107
2078432214
2078848768
2079203950
2079396916
2079729836
2080023102
2080197071
2080350571
2081255557
2081546325
2081774310
2082859653
2082888852
2083324904
2083343650
2085521339
2085950655
2085956545
2086321963
2086756937
2087453105
2087659888
2089091297
2090351550
2090446211
2090555062
2090780167
2091100804
2091266012
2091266964
2091519476
2092344087
2092908725
2094754316
2094965194
2095133326
2095279726
2095289202
2095418791
2096226306
2096261747
2097239109
2098403215
2098799484
2099363295
2099637454
2099967981
2100009067
2100302374
2100330889
2100826465
2101129792
2101176266
2102370263
2103109901
2105096358
2105186528
2105475780
2106594811
2106874756
2106888572
2107274435
2107759294
2107923304
2107980925
2109026087
2109300734
2109647023
2109971523
2110167606
2110501325
2110725921
2111117087
2111682999
2111711624
2112002808
2112812393
2113503416
2113610050
2113801271
2114136063
2114176452
2114349353
2114372246
2114742529
2114809847
2115079274
2115481625
2116382355
2117250203
2117329634
2117758448
2119293428
2119820457
2119928381
2120027474
2120157309
2120373680
2121301912
2121317924
2122702324
2123094847
2123178640
2123281122
2125081498
2125133385
2126058011
2126354190
2127704151
2127799318
2128221352
2128636786
2128703611
2128741672
2129990266
2130820302
2130978496
2131608871
2131651555
2131772939
2131829473
2132068128
2132148597
2132250365
2132794282
2133311716
2133762628
2133918742
2134020117
2134057432
2134144232
2134345193
2135353273
2135702480
2136121794
2136263689
2136592733
2136719591
2136726349
2137209569
2137308890
2137474078
2137962519
2138270974
2139049100
2139351011
2139757302
2140728341
2140940426
2143792221
2144285643
2144978602
2145761147
2146842567
