4936285
6868569
7884769
8986068
11224343
13486845
16784180
20821343
29257968
29558377
31072409
32394316
32974134
37679810
38943292
39107829
41605874
45030983
49270016
50254472
52568355
53881033
56694029
57076326
57949487
60463179
63683086
65225895
71854464
71900693
75857260
76678804
78019568
82006919
83324486
83526585
83841227
89005403
94003292
95169454
95681166
97289635
98119003
100874071
102188681
104555259
106119750
106901655
108609374
109364346
109756294
110244563
111837521
112400229
114004519
116198130
130025256
132249579
133360976
137688982
138039585
143340412
149191387
153114599
155922532
157460390
158992597
160907902
163992083
165772986
167564939
169133085
170039444
174555835
175131315
175438915
177828184
182182829
188508427
188645388
189474260
192306950
195185844
197076836
199656332
199764576
200853515
201445468
201445613
202129800
203593228
205847957
210144158
211014695
212804444
223363190
223839239
225194710
225258087
226989511
228215861
228290174
232684177
233932647
234968168
235121349
235444570
240252272
240573072
241225027
244534170
249953460
250889425
251638115
252791576
255432129
255437146
258023824
258868930
268277920
272094686
274075296
283004388
284356983
286880369
292318438
293731604
294934279
295051358
296097111
297630844
302645126
303019240
303946538
305035544
312957680
315383764
315598805
319271629
319912477
324715231
328086856
328126961
330284760
330362443
332882598
336318161
337378850
341128094
344533394
345509050
345713949
346003563
347368397
349664837
350513330
352623355
352995016
355397458
357791080
359147538
359683192
362681117
364125760
365363183
366409904
369182493
383439642
385583386
386382848
387030934
387475036
388059284
394327795
400545904
404089714
404392504
407501227
415294060
416469742
416653002
420379989
423210449
423758226
424085562
425705698
425878848
427563960
429794494
430358023
431106044
431197951
431736441
431944270
432780163
433090267
433676166
435245505
435309385
436596816
440984805
442696816
444293116
450408472
451203674
451372657
452923168
455372109
458072243
459390905
461831013
464177427
464415534
464623080
464822140
466078852
468040162
468059538
468774390
472254100
476499964
483194863
483400424
493543971
494930696
495545591
498007322
500046643
504711605
507094989
507431772
512782006
514052831
517657065
517962540
520400496
521791301
530301182
533261141
533504454
533853094
536499529
537450690
537459995
539857339
541308616
543529068
550922549
559157258
559537856
559890867
563956578
565543305
566466215
571148519
571714491
573479141
575151772
582960781
589840589
591366315
591442360
592823482
596663859
599197141
600686170
602909402
604170558
604667481
607680670
609606933
609607213
610189873
611602679
614768119
615800398
619139392
620907870
623690021
628092231
631931311
638462388
638533576
638705036
638905633
639527179
642849744
646009867
647924801
650943695
652577607
654019484
654451873
655750427
657067991
659806884
662553361
664435476
664508968
670177886
679045085
679779675
679988345
680197036
683371518
685023534
688181003
688888113
690231968
690677634
692393288
693716458
702745722
705170048
707932239
708554741
709798798
718320136
719515114
722954838
728766244
729034255
734085715
734114656
735310641
736740056
742587925
742727800
745390488
748665872
751168586
751494851
756054296
757241322
757380324
760907124
761082917
765473366
767108620
767854220
768362072
774218361
777551682
779349328
780707127
780904545
781030258
781653262
781787423
782939695
791805722
792460068
796184614
801064396
801258175
801970755
802324994
804298363
808674612
813762867
814020821
815228530
816213587
818518412
827727713
828835979
831685459
836313273
838106584
840582762
848484575
849116007
850220655
850669817
856077275
856859623
861046838
862555645
864825135
865777022
874696947
874895452
875437646
876807015
885122749
887313296
889239935
889985089
890922123
892927308
892953608
894329178
897217296
897306616
898299246
899169119
902048594
902395984
902520841
904327548
904996023
906379887
906984879
909800738
910141632
912781464
914737744
915160669
915208142
915565689
916247885
924748258
925136431
925449446
926494056
926864388
927201484
928434720
930037674
930319877
930877770
935777738
937651130
937980008
940020990
941434487
943166214
943697396
944001858
944706191
948898796
951238445
951311765
952856353
955535860
955998117
958861408
960009461
961338720
962072349
962404830
970025671
971077385
974042667
974265196
975157531
976090635
978286930
978403369
981852869
981974895
983007585
985243554
986517011
989784365
990678056
994261671
998157268
998202656
998314414
1003523164
1007086755
1007544898
1007915606
1009581773
1009784903
1015193966
1016267859
1017067102
1024916424
1030034619
1037352897
1037829348
1039360379
1041217172
1043140897
1043226984
1044552785
1046905495
1048001836
1048182211
1049488651
1049891864
1051376111
1051869582
1053571753
1055070558
1065185710
1065878589
1067373381
1069090994
1069244972
1071855101
1073874236
1074705681
1076473591
1077808145
1078545484
1080202592
1086719266
1087818458
1091894844
1092367736
1097309866
1101224641
1102912808
1103733838
1103826225
1107407833
1107680023
1119744026
1121056535
1122477471
1131624544
1132263124
1134616268
1138321985
1138589640
1138919263
1144362523
1145569095
1148533716
1149252853
1150816435
1151989831
1152226766
1159551654
1160109177
1161288866
1164252524
1168584144
1174705300
1174725056
1174905293
1175117352
1178167945
1190731599
1191654790
1191918008
1195392191
1195817522
1196376152
1197389866
1201382288
1205410960
1207074728
1208579425
1212508865
1212935939
1213490132
1217486139
1219061198
1220321428
1224360921
1225076440
1225591018
1226506686
1228361880
1228883329
1231981181
1232119137
1235414943
1236942587
1244914401
1250242036
1253257927
1253767009
1256875602
1257890365
1260699068
1261006754
1261326991
1261336014
1262244125
1262425006
1264837828
1265002787
1266554619
1267418370
1276739189
1276881375
1282879601
1288668850
1290961891
1292914710
1301459758
1303608149
1305175742
1306166122
1306329655
1308659586
1309619924
1312050976
1313752679
1314857493
1315712554
1318518336
1325750166
1326942110
1329122327
1333262329
1334491071
1338226416
1338439739
1339118331
1339929692
1343546701
1344579008
1345881248
1348349766
1348901654
1355477613
1358090315
1362956831
1363685706
1364853657
1370457309
1372727836
1374919405
1374956594
1377190613
1377837800
1378269748
1381271337
1382281854
1382344489
1392820631
1394012202
1397904755
1400904177
1401592366
1402239932
1402343865
1403861410
1404629841
1411616393
1413142778
1417529914
1417972249
1421163566
1422791597
1425766616
1428770518
1429520381
1433174598
1437684844
1437766952
1440967225
1447646888
1451158649
1452113671
1456713504
1457173503
1463976039
1465223091
1466827561
1467846609
1468438417
1470592314
1471804869
1472509334
1474303040
1476410691
1478001915
1479798067
1480355943
1482776454
1491402058
1493264561
1495303524
1496199245
1497135122
1501975977
1502986630
1503781047
1503929405
1505894533
1506751406
1507050528
1507168984
1507764295
1515216582
1515553538
1516338164
1521698998
1523632345
1525132760
1527953659
1531658644
1533155633
1533366010
1533854296
1534375990
1535175533
1537810152
1539054531
1539744319
1539764944
1543174620
1545161941
1549327434
1550046368
1555539135
1557602223
1560612888
1564134432
1564146620
1564404707
1570887085
1572503923
1573499405
1579412174
1582264857
1583002545
1583689607
1585645346
1592372125
1595105045
1598599626
1599180945
1599391578
1601522724
1603035151
1604270386
1604848605
1610293918
1612371184
1613949459
1615372929
1618217217
1618319184
1619594173
1620029993
1622683481
1623621767
1627034330
1628558052
1628854761
1637879887
1638258673
1640086682
1642877967
1647181354
1647242735
1650779604
1655985291
1657421506
1657880780
1660385825
1662410525
1663708338
1666726986
1668881705
1669884030
1673387480
1674373476
1674720064
1676912695
1677654958
1678174543
1678266012
1679004719
1679542292
1680165832
1688165273
1688735357
1692305293
1692337754
1694074477
1696464895
1696555480
1698496762
1698749779
1699027380
1700742069
1703001128
1707694814
1708988400
1710209872
1712407812
1716378550
1716733849
1723139503
1724699609
1730925464
1732240289
1734553050
1737380137
1744502477
1747942838
1751181758
1752077211
1755569483
1755676514
1756330320
1756831867
1760336730
1761481543
1764210740
1768981336
1769017482
1770742967
1771527924
1774195375
1774247134
1775270460
1775388845
1779153681
1779568700
1780421839
1787090773
1788543617
1790241645
1793025817
1793144776
1794926846
1795306096
1800178933
1800450110
1800782132
1803561181
1804616512
1804740339
1807052797
1807115434
1809779382
1813198815
1814514780
1814582901
1819422298
1821660983
1824816370
1825737766
1825955680
1829034046
1832961675
1834512927
1835734374
1836113619
1836250641
1839140776
1839165005
1840735179
1842012753
1842512680
1847326657
1849784610
1851534743
1853478244
1853839028
1854280750
1855769275
1856504226
1857096623
1857765830
1863020774
1864702587
1868543373
1868872996
1869983453
1879624180
1882257113
1884433585
1884495736
1884690563
1887395167
1888780411
1891283250
1892430722
1893545647
1893906623
1895279936
1898916678
1901198789
1906116339
1906413620
1909004006
1910886227
1911078211
1913885355
1918621031
1918907646
1923334640
1923906379
1925319487
1928182091
1929396945
1931686793
1932549274
1936366229
1936588044
1939309727
1941862330
1943048872
1944100250
1945712592
1952663168
1961205916
1961631099
1963018668
1964921593
1966282103
1966723028
1967695795
1969848631
1970497866
1973178571
1973904972
1979408747
1982008433
1983959949
1984262991
1985672408
1987272033
1987565031
1989583848
1990471874
1991137601
1997035681
1999088502
1999832251
2002099680
2002556403
2006931311
2009284455
2011068062
2014018293
2019506541
2021119492
2022971924
2023478440
2023844511
2025202136
2025237674
2027343045
2028639265
2031249006
2034872002
2037856795
2040327884
2044827642
2045223952
2050206571
2052092521
2052212791
2056340604
2057068894
2060144815
2063419821
2065635129
2067197973
2068679987
2069234471
2071140654
2072749314
2077933241
2086820363
2090939582
2094041436
2096333083
2098211455
2098240078
2098945398
2100565608
2102333883
2102883016
2104075045
2105289949
2107641444
2110117550
2110607314
2112610617
2115729233
2116211394
2116551839
2116800316
2116862032
2119883122
2119961083
2122715500
2122805658
2123742699
2125786384
2127019571
2127246609
2127889426
2129855338
2134158895
2134978955
2135050727
2135242395
2135516853
2138196011
2139499680
2142519560
2143311166
2144502921
2144750727
2145621144
2146891694
