2123742699
1839140776
431197951
175131315
56694029
324715231
1983959949
1168584144
892927308
1069244972
591366315
1771527924
971077385
654019484
2102333883
915160669
2011068062
416653002
1751181758
1619594173
1065878589
476499964
1174705300
1622683481
1348349766
537450690
1655985291
1048182211
761082917
1560612888
1991137601
272094686
575151772
604667481
705170048
1756330320
163992083
1003523164
1134616268
1017067102
387475036
1952663168
507431772
751494851
157460390
1931686793
404089714
1041217172
1849784610
1804740339
1305175742
1539764944
962404830
623690021
1970497866
1647242735
664435476
955998117
974265196
1666726986
816213587
935777738
407501227
1479798067
1225591018
319271629
1196376152
366409904
2096333083
346003563
751168586
1007544898
1429520381
734114656
1232119137
1260699068
2116551839
423210449
1465223091
1564146620
133360976
614768119
1345881248
1103826225
255437146
451372657
1457173503
2098945398
781653262
1205410960
1091894844
1355477613
29257968
1615372929
200853515
1599180945
1545161941
1175117352
1673387480
1985672408
735310641
37679810
1092367736
1503781047
1053571753
297630844
110244563
228290174
1539054531
709798798
1678174543
241225027
1638258673
1557602223
1533366010
201445468
1737380137
1451158649
1224360921
774218361
1009581773
1244914401
1732240289
890922123
1401592366
1543174620
978286930
1961631099
533261141
1780421839
1863020774
941434487
897306616
1627034330
828835979
95681166
1669884030
1989583848
50254472
2105289949
341128094
1228883329
559890867
71854464
1674720064
850669817
1864702587
619139392
82006919
2146891694
2009284455
94003292
2098240078
899169119
976090635
1637879887
452923168
201445613
102188681
1657880780
1466827561
296097111
1842512680
1906116339
994261671
736740056
1491402058
11224343
728766244
1437684844
679045085
1895279936
1400904177
1266554619
433090267
1928182091
685023534
1660385825
1363685706
550922549
1825955680
359147538
1879624180
533853094
1918621031
1769017482
990678056
2145621144
650943695
1338439739
1790241645
1468438417
1887395167
539857339
638462388
45030983
1533854296
801258175
1225076440
937980008
1506751406
1853478244
2037856795
791805722
1467846609
114004519
840582762
831685459
466078852
1195392191
952856353
940020990
985243554
1698749779
1979408747
1107680023
563956578
1308659586
2134978955
1372727836
1893545647
1493264561
1507764295
1537810152
1794926846
1358090315
7884769
861046838
628092231
388059284
394327795
2031249006
435309385
425705698
1191654790
2119961083
468774390
1087818458
1213490132
1804616512
928434720
158992597
1679542292
1603035151
385583386
850220655
483194863
188645388
707932239
1678266012
1628558052
225194710
813762867
1999832251
1191918008
13486845
345713949
500046643
1144362523
109756294
106119750
2127019571
203593228
78019568
801064396
1069090994
504711605
559537856
507094989
2006931311
638905633
1623621767
95169454
330362443
444293116
1734553050
1961205916
2052212791
1152226766
944706191
874895452
1966723028
153114599
1097309866
906984879
169133085
1217486139
582960781
1381271337
1178167945
1774247134
2116211394
2090939582
1103733838
1698496762
948898796
2102883016
1601522724
801970755
1463976039
345509050
2071140654
1829034046
848484575
1039360379
4936285
130025256
483400424
1555539135
1604848605
199764576
440984805
1495303524
199656332
1382344489
286880369
1973904972
1253767009
1318518336
631931311
1999088502
2069234471
1325750166
1476410691
232684177
670177886
1680165832
1138919263
779349328
1642877967
1779153681
359683192
1250242036
1835734374
599197141
951238445
137688982
1452113671
57949487
902048594
39107829
734085715
1174905293
1923906379
978403369
1333262329
620907870
1891283250
1868872996
1411616393
1122477471
849116007
283004388
170039444
1612371184
423758226
745390488
352623355
615800398
369182493
472254100
1138589640
1851534743
2060144815
1973178571
1987565031
1338226416
1807052797
1747942838
431106044
149191387
521791301
1195817522
416469742
592823482
1265002787
894329178
1549327434
498007322
1046905495
49270016
1936366229
1417529914
1515216582
520400496
930037674
76678804
1080202592
223363190
175438915
205847957
1932549274
836313273
1836250641
429794494
1048001836
1030034619
1262244125
2098211455
1138321985
2142519560
961338720
143340412
1437766952
1262425006
600686170
1800782132
2014018293
1724699609
347368397
1676912695
1343546701
2002099680
1716378550
319912477
683371518
1868543373
336318161
1539744319
1043140897
1910886227
258023824
1583689607
1572503923
225258087
364125760
1832961675
1507050528
2134158895
1692305293
234968168
1779568700
1598599626
1507168984
1051869582
1235414943
1793025817
2127246609
252791576
2067197973
1276739189
210144158
1502986630
2023478440
646009867
1009784903
2077933241
1267418370
1516338164
1893906623
1326942110
693716458
1869983453
1055070558
1374919405
1884495736
1525132760
718320136
1212508865
898299246
915208142
293731604
2027343045
32394316
112400229
2044827642
1892430722
494930696
664508968
1231981181
1037829348
1888780411
83526585
1620029993
1913885355
1700742069
902520841
1707694814
926494056
1362956831
433676166
565543305
2138196011
240252272
365363183
1688735357
2057068894
543529068
132249579
1314857493
1857765830
1074705681
914737744
1501975977
1151989831
983007585
330284760
1470592314
1911078211
748665872
1264837828
1583002545
602909402
284356983
856077275
1585645346
610189873
249953460
1288668850
1821660983
981974895
1964921593
1939309727
1997035681
464623080
349664837
303019240
1787090773
1814514780
571148519
2135242395
1348901654
362681117
1497135122
1521698998
2110607314
974042667
729034255
468040162
930877770
1370457309
1579412174
1944100250
177828184
98119003
998157268
2110117550
1853839028
1531658644
927201484
1078545484
1807115434
1402343865
458072243
332882598
2040327884
1282879601
1065185710
1037352897
802324994
679988345
690677634
1803561181
1339929692
760907124
2063419821
1220321428
1253257927
910141632
892953608
611602679
2028639265
1929396945
357791080
451203674
1550046368
20821343
1761481543
1898916678
1613949459
387030934
596663859
255432129
887313296
1640086682
328126961
2094041436
2052092521
1164252524
1628854761
827727713
2056340604
1839165005
1813198815
250889425
679779675
1923334640
604170558
1564404707
182182829
1925319487
856859623
943697396
638705036
315598805
1197389866
2025202136
1044552785
6868569
930319877
2019506541
1668881705
1313752679
1570887085
415294060
83324486
435245505
916247885
1847326657
432780163
2116862032
1315712554
89005403
1428770518
65225895
702745722
189474260
116198130
106901655
1918907646
1774195375
1564134432
197076836
1716733849
1836113619
1677654958
1800450110
1764210740
571714491
442696816
450408472
1049488651
2045223952
233932647
1756831867
1306329655
742587925
268277920
1397904755
167564939
244534170
1007086755
904327548
1131624544
212804444
609606933
767854220
1662410525
573479141
1760336730
1007915606
1909004006
937651130
235444570
1303608149
455372109
1471804869
1744502477
1882257113
885122749
430358023
818518412
344533394
1404629841
2129855338
1067373381
1417972249
2002556403
1819422298
906379887
2107641444
2068679987
865777022
2086820363
1674373476
767108620
659806884
1212935939
1503929405
1226506686
909800738
138039585
1190731599
958861408
1582264857
688888113
111837521
1809779382
1077808145
1301459758
1982008433
1145569095
533504454
512782006
1884690563
1573499405
662553361
1647181354
1149252853
1292914710
1339118331
912781464
1990471874
1814582901
1800178933
1086719266
1043226984
998314414
708554741
536499529
1943048872
258868930
240573072
655750427
2122805658
292318438
1775270460
1533155633
1969848631
1440967225
955535860
1755676514
924748258
517962540
1071855101
962072349
1535175533
352995016
202129800
100874071
104555259
1160109177
63683086
211014695
2034872002
2144502921
295051358
1523632345
1306166122
495545591
1793144776
1261006754
1101224641
541308616
1505894533
1723139503
904996023
2025237674
537459995
1592372125
1945712592
1276881375
1824816370
1855769275
337378850
1730925464
2135516853
1472509334
742727800
838106584
1699027380
690231968
796184614
607680670
431944270
782939695
195185844
29558377
768362072
2125786384
2144750727
251638115
226989511
1474303040
1795306096
1842012753
654451873
383439642
1159551654
1496199245
57076326
1657421506
1963018668
757241322
302645126
975157531
1482776454
355397458
2021119492
303946538
8986068
970025671
780904545
468059538
944001858
1102912808
464822140
493543971
109364346
722954838
1527953659
875437646
1256875602
559157258
1595105045
1694074477
1049891864
350513330
60463179
642849744
1076473591
1752077211
312957680
1394012202
781030258
41605874
874696947
38943292
305035544
1604270386
1447646888
1987272033
155922532
464415534
2116800316
1174725056
1618217217
1906413620
530301182
692393288
1377190613
160907902
274075296
436596816
2115729233
1329122327
400545904
1403861410
1309619924
756054296
2072749314
1132263124
294934279
1378269748
1374956594
404392504
657067991
1534375990
1834512927
902395984
228215861
425878848
188508427
652577607
1422791597
1688165273
719515114
792460068
589840589
420379989
75857260
1290961891
1967695795
1515553538
1413142778
915565689
1478001915
2023844511
1425766616
1599391578
1788543617
1618319184
876807015
1696464895
1679004719
315383764
1692337754
925136431
1236942587
1712407812
517657065
83841227
71900693
1775388845
464177427
951311765
2119883122
1768981336
1161288866
427563960
609607213
1755569483
814020821
889239935
680197036
781787423
1312050976
926864388
2112610617
459390905
1073874236
780707127
108609374
235121349
1261336014
757380324
1696555480
639527179
1121056535
1107407833
2143311166
1941862330
1703001128
1024916424
2050206571
2139499680
1219061198
192306950
1051376111
461831013
943166214
1856504226
862555645
998202656
989784365
32974134
804298363
2135050727
1016267859
897217296
1150816435
765473366
960009461
777551682
638533576
1884433585
2122715500
1984262991
514052831
1854280750
1402239932
1480355943
647924801
53881033
431736441
815228530
52568355
1936588044
986517011
688181003
1710209872
1119744026
2022971924
1650779604
1663708338
1364853657
2065635129
1257890365
1392820631
1228361880
2100565608
1708988400
1770742967
223839239
2104075045
1377837800
981852869
925449446
386382848
165772986
16784180
1382281854
1825737766
1344579008
1207074728
1610293918
1208579425
808674612
566466215
174555835
2127889426
1015193966
1148533716
328086856
1334491071
31072409
889985089
1456713504
1261326991
1421163566
1966282103
864825135
591442360
1433174598
1901198789
1840735179
1857096623
424085562
97289635
1201382288
